//! Φ₂ tables at projected residual correlations for the factored worst-of-3.
//!
//! Generated — do not edit manually.
//! Tables store Φ₂(a,b;|ρ|). For negative ρ use Φ₂(a,b;-ρ) = Φ(a) - Φ₂(a,-b;ρ).

/// Φ₂ table at |ρ| = 0.0080643319  (RESID_SPY_QQQ)
pub const PHI2_RESID_SPY_QQQ: [[i32; 64]; 64] = [
    [
        0, 0, 0, 0, 0, 0, 0, 0, 0, 0, 0, 0, 0, 0, 0, 1, 1, 1, 1, 2, 2, 3, 4, 5, 6, 7, 8, 9, 11, 12,
        14, 15, 17, 19, 20, 22, 23, 24, 25, 27, 27, 28, 29, 30, 30, 30, 31, 31, 31, 31, 31, 31, 32,
        32, 32, 32, 32, 32, 32, 32, 32, 32, 32, 32,
    ],
    [
        0, 0, 0, 0, 0, 0, 0, 0, 0, 0, 0, 0, 0, 1, 1, 1, 1, 2, 2, 3, 4, 5, 6, 8, 10, 12, 14, 16, 18,
        21, 24, 26, 29, 32, 34, 37, 39, 41, 43, 45, 47, 48, 49, 50, 51, 52, 52, 53, 53, 53, 53, 53,
        54, 54, 54, 54, 54, 54, 54, 54, 54, 54, 54, 54,
    ],
    [
        0, 0, 0, 0, 0, 0, 0, 0, 0, 0, 0, 0, 1, 1, 1, 2, 2, 3, 4, 5, 7, 9, 11, 13, 16, 19, 23, 26,
        31, 35, 39, 44, 48, 53, 57, 61, 65, 69, 72, 75, 78, 80, 82, 84, 85, 86, 87, 88, 88, 89, 89,
        89, 89, 90, 90, 90, 90, 90, 90, 90, 90, 90, 90, 90,
    ],
    [
        0, 0, 0, 0, 0, 0, 0, 0, 0, 0, 1, 1, 1, 2, 2, 3, 4, 5, 7, 9, 11, 14, 18, 22, 26, 32, 37, 44,
        50, 57, 65, 72, 79, 87, 94, 101, 107, 113, 119, 124, 128, 132, 135, 138, 140, 142, 143,
        144, 145, 146, 147, 147, 147, 147, 148, 148, 148, 148, 148, 148, 148, 148, 148, 148,
    ],
    [
        0, 0, 0, 0, 0, 0, 0, 0, 0, 1, 1, 1, 2, 2, 3, 5, 6, 8, 11, 14, 18, 23, 29, 35, 43, 51, 60,
        70, 81, 93, 105, 117, 129, 141, 152, 164, 174, 184, 193, 201, 208, 214, 219, 223, 227, 230,
        232, 234, 236, 237, 238, 238, 239, 239, 239, 239, 239, 240, 240, 240, 240, 240, 240, 240,
    ],
    [
        0, 0, 0, 0, 0, 0, 0, 0, 1, 1, 1, 2, 3, 4, 5, 7, 10, 13, 18, 23, 29, 37, 46, 56, 68, 81, 96,
        112, 130, 148, 167, 186, 205, 225, 243, 261, 278, 293, 307, 320, 331, 341, 350, 357, 362,
        367, 371, 374, 376, 378, 379, 380, 381, 382, 382, 382, 382, 382, 382, 383, 383, 383, 383,
        383,
    ],
    [
        0, 0, 0, 0, 0, 0, 0, 1, 1, 1, 2, 3, 4, 6, 8, 12, 16, 21, 28, 36, 46, 58, 72, 88, 107, 128,
        151, 177, 204, 232, 262, 292, 323, 353, 382, 410, 437, 461, 483, 503, 521, 536, 550, 561,
        570, 577, 583, 588, 592, 594, 596, 598, 599, 600, 600, 601, 601, 601, 601, 602, 602, 602,
        602, 602,
    ],
    [
        0, 0, 0, 0, 0, 0, 1, 1, 1, 2, 3, 5, 7, 9, 13, 18, 24, 32, 43, 55, 71, 89, 111, 136, 165,
        198, 234, 273, 315, 360, 406, 453, 500, 546, 592, 635, 676, 714, 748, 779, 807, 831, 851,
        868, 882, 894, 903, 911, 916, 921, 924, 926, 928, 929, 930, 931, 931, 931, 932, 932, 932,
        932, 932, 932,
    ],
    [
        0, 0, 0, 0, 0, 1, 1, 1, 2, 3, 5, 7, 10, 14, 20, 27, 37, 49, 65, 84, 108, 136, 169, 208,
        252, 302, 357, 416, 481, 548, 618, 690, 762, 833, 902, 969, 1031, 1089, 1142, 1189, 1231,
        1267, 1298, 1324, 1346, 1364, 1378, 1389, 1398, 1404, 1409, 1413, 1416, 1418, 1419, 1420,
        1421, 1421, 1421, 1422, 1422, 1422, 1422, 1422,
    ],
    [
        0, 0, 0, 0, 1, 1, 1, 2, 3, 5, 7, 11, 15, 22, 30, 41, 56, 74, 97, 126, 162, 204, 254, 312,
        378, 453, 535, 625, 722, 823, 929, 1036, 1144, 1251, 1355, 1455, 1549, 1636, 1715, 1787,
        1850, 1904, 1951, 1991, 2023, 2050, 2071, 2088, 2101, 2111, 2119, 2124, 2128, 2131, 2133,
        2135, 2136, 2136, 2137, 2137, 2137, 2137, 2137, 2137,
    ],
    [
        0, 0, 0, 1, 1, 1, 2, 3, 5, 7, 11, 16, 22, 32, 44, 61, 82, 110, 144, 187, 239, 302, 375,
        461, 559, 670, 792, 925, 1067, 1218, 1374, 1533, 1694, 1852, 2006, 2154, 2293, 2422, 2539,
        2645, 2738, 2820, 2889, 2947, 2996, 3035, 3067, 3092, 3111, 3126, 3137, 3146, 3152, 3156,
        3159, 3161, 3162, 3163, 3164, 3165, 3165, 3165, 3165, 3165,
    ],
    [
        0, 0, 0, 1, 1, 2, 3, 5, 7, 11, 16, 23, 33, 46, 64, 88, 120, 160, 210, 272, 348, 439, 547,
        672, 815, 976, 1154, 1348, 1556, 1775, 2003, 2236, 2469, 2700, 2925, 3141, 3344, 3532,
        3704, 3858, 3995, 4113, 4215, 4300, 4371, 4428, 4475, 4511, 4539, 4561, 4577, 4590, 4598,
        4605, 4609, 4612, 4614, 4616, 4617, 4617, 4618, 4618, 4618, 4618,
    ],
    [
        0, 0, 1, 1, 2, 3, 4, 7, 10, 15, 22, 33, 47, 66, 92, 127, 172, 229, 301, 391, 500, 631, 785,
        965, 1170, 1401, 1657, 1936, 2235, 2550, 2877, 3211, 3548, 3880, 4204, 4513, 4805, 5076,
        5324, 5546, 5742, 5912, 6058, 6181, 6283, 6366, 6433, 6485, 6526, 6557, 6581, 6598, 6611,
        6620, 6626, 6631, 6634, 6636, 6637, 6638, 6639, 6639, 6639, 6639,
    ],
    [
        0, 1, 1, 2, 2, 4, 6, 9, 14, 22, 32, 46, 66, 94, 131, 179, 243, 324, 426, 552, 707, 892,
        1111, 1365, 1656, 1983, 2345, 2740, 3163, 3609, 4073, 4546, 5023, 5494, 5952, 6391, 6805,
        7189, 7540, 7855, 8133, 8375, 8582, 8756, 8901, 9018, 9113, 9188, 9246, 9290, 9323, 9348,
        9366, 9379, 9388, 9394, 9399, 9401, 9403, 9405, 9405, 9406, 9406, 9406,
    ],
    [
        0, 1, 1, 2, 3, 5, 8, 13, 20, 30, 44, 64, 92, 131, 182, 250, 338, 451, 593, 770, 985, 1243,
        1548, 1903, 2308, 2765, 3270, 3821, 4412, 5035, 5682, 6343, 7008, 7666, 8306, 8919, 9498,
        10034, 10524, 10964, 11353, 11691, 11980, 12224, 12426, 12591, 12723, 12827, 12909, 12971,
        13017, 13052, 13077, 13095, 13108, 13117, 13123, 13127, 13129, 13131, 13132, 13133, 13133,
        13134,
    ],
    [
        1, 1, 2, 3, 5, 7, 12, 18, 27, 41, 61, 88, 127, 179, 250, 343, 464, 619, 815, 1057, 1353,
        1708, 2127, 2615, 3172, 3800, 4495, 5253, 6065, 6922, 7813, 8723, 9638, 10543, 11424,
        12269, 13065, 13804, 14478, 15084, 15620, 16086, 16484, 16820, 17099, 17326, 17508, 17652,
        17764, 17849, 17914, 17961, 17996, 18021, 18039, 18051, 18059, 18065, 18068, 18071, 18072,
        18073, 18074, 18074,
    ],
    [
        1, 1, 2, 4, 6, 10, 16, 24, 37, 56, 82, 120, 172, 243, 338, 464, 628, 838, 1103, 1432, 1832,
        2313, 2882, 3542, 4298, 5148, 6091, 7118, 8219, 9382, 10590, 11824, 13065, 14293, 15489,
        16635, 17716, 18719, 19634, 20457, 21184, 21817, 22358, 22814, 23193, 23501, 23749, 23944,
        24096, 24213, 24300, 24365, 24412, 24446, 24470, 24487, 24498, 24506, 24511, 24514, 24516,
        24517, 24518, 24519,
    ],
    [
        1, 2, 3, 5, 8, 13, 21, 32, 49, 74, 110, 160, 229, 324, 451, 619, 838, 1119, 1473, 1911,
        2446, 3089, 3848, 4730, 5740, 6877, 8136, 9509, 10981, 12536, 14150, 15801, 17461, 19103,
        20703, 22236, 23682, 25024, 26249, 27350, 28324, 29171, 29896, 30507, 31013, 31427, 31758,
        32020, 32224, 32380, 32497, 32584, 32647, 32693, 32725, 32747, 32762, 32772, 32779, 32784,
        32786, 32788, 32789, 32790,
    ],
    [
        1, 2, 4, 7, 11, 18, 28, 43, 65, 97, 144, 210, 301, 426, 593, 815, 1103, 1473, 1938, 2516,
        3220, 4066, 5066, 6229, 7559, 9057, 10716, 12525, 14466, 16515, 18644, 20819, 23008, 25175,
        27285, 29307, 31215, 32985, 34602, 36054, 37339, 38457, 39415, 40221, 40890, 41436, 41874,
        42220, 42489, 42695, 42850, 42965, 43048, 43108, 43151, 43180, 43200, 43214, 43223, 43228,
        43232, 43235, 43236, 43237,
    ],
    [
        2, 3, 5, 9, 14, 23, 36, 55, 84, 126, 187, 272, 391, 552, 770, 1057, 1432, 1911, 2516, 3265,
        4180, 5279, 6578, 8088, 9816, 11762, 13918, 16269, 18792, 21455, 24223, 27052, 29897,
        32715, 35459, 38090, 40571, 42875, 44978, 46869, 48541, 49996, 51243, 52293, 53164, 53874,
        54445, 54895, 55246, 55514, 55716, 55866, 55975, 56053, 56108, 56146, 56173, 56190, 56202,
        56210, 56214, 56217, 56219, 56221,
    ],
    [
        2, 4, 7, 11, 18, 29, 46, 71, 108, 162, 239, 348, 500, 707, 985, 1353, 1832, 2446, 3220,
        4180, 5352, 6760, 8423, 10358, 12572, 15066, 17829, 20843, 24077, 27491, 31039, 34667,
        38317, 41930, 45451, 48825, 52009, 54965, 57664, 60091, 62237, 64105, 65705, 67054, 68172,
        69085, 69817, 70396, 70847, 71191, 71451, 71643, 71783, 71884, 71955, 72004, 72038, 72060,
        72075, 72085, 72091, 72095, 72098, 72099,
    ],
    [
        3, 5, 9, 14, 23, 37, 58, 89, 136, 204, 302, 439, 631, 892, 1243, 1708, 2313, 3089, 4066,
        5279, 6760, 8538, 10640, 13085, 15884, 19036, 22530, 26340, 30429, 34748, 39235, 43824,
        48441, 53013, 57467, 61738, 65767, 69508, 72926, 75998, 78715, 81081, 83107, 84815, 86232,
        87388, 88316, 89050, 89621, 90057, 90386, 90630, 90808, 90935, 91025, 91088, 91130, 91159,
        91178, 91191, 91198, 91203, 91207, 91209,
    ],
    [
        4, 6, 11, 18, 29, 46, 72, 111, 169, 254, 375, 547, 785, 1111, 1548, 2127, 2882, 3848, 5066,
        6578, 8423, 10640, 13261, 16310, 19800, 23732, 28089, 32842, 37944, 43332, 48931, 54658,
        60421, 66128, 71689, 77021, 82052, 86724, 90992, 94829, 98224, 101179, 103711, 105845,
        107616, 109061, 110221, 111139, 111852, 112398, 112809, 113114, 113336, 113496, 113608,
        113687, 113740, 113776, 113800, 113816, 113825, 113832, 113836, 113838,
    ],
    [
        5, 8, 13, 22, 35, 56, 88, 136, 208, 312, 461, 672, 965, 1365, 1903, 2615, 3542, 4730, 6229,
        8088, 10358, 13085, 16310, 20062, 24357, 29195, 34559, 40410, 46691, 53325, 60220, 67273,
        74371, 81400, 88251, 94820, 101020, 106777, 112037, 116767, 120951, 124595, 127717, 130348,
        132531, 134314, 135745, 136877, 137757, 138431, 138938, 139315, 139589, 139786, 139925,
        140021, 140087, 140132, 140161, 140180, 140193, 140201, 140205, 140208,
    ],
    [
        6, 10, 16, 26, 43, 68, 107, 165, 252, 378, 559, 815, 1170, 1656, 2308, 3172, 4298, 5740,
        7559, 9816, 12572, 15884, 19800, 24357, 29574, 35452, 41968, 49078, 56710, 64772, 73153,
        81725, 90354, 98901, 107231, 115220, 122759, 129762, 136160, 141914, 147006, 151440,
        155238, 158441, 161099, 163268, 165011, 166389, 167461, 168282, 168900, 169358, 169692,
        169932, 170101, 170219, 170299, 170354, 170389, 170413, 170428, 170437, 170443, 170447,
    ],
    [
        7, 12, 19, 32, 51, 81, 128, 198, 302, 453, 670, 976, 1401, 1983, 2765, 3800, 5148, 6877,
        9057, 11762, 15066, 19036, 23732, 29195, 35452, 42501, 50318, 58846, 68002, 77675, 87732,
        98020, 108376, 118634, 128634, 138225, 147278, 155686, 163371, 170282, 176397, 181723,
        186287, 190136, 193329, 195937, 198032, 199688, 200976, 201963, 202706, 203257, 203659,
        203947, 204151, 204293, 204390, 204455, 204498, 204526, 204544, 204556, 204563, 204567,
    ],
    [
        8, 14, 23, 37, 60, 96, 151, 234, 357, 535, 792, 1154, 1657, 2345, 3270, 4495, 6091, 8136,
        10716, 13918, 17829, 22530, 28089, 34559, 41968, 50318, 59576, 69679, 80526, 91988, 103904,
        116096, 128371, 140530, 152384, 163755, 174489, 184459, 193573, 201769, 209024, 215342,
        220756, 225323, 229112, 232206, 234693, 236659, 238188, 239360, 240242, 240896, 241374,
        241716, 241958, 242126, 242242, 242319, 242370, 242404, 242425, 242439, 242447, 242452,
    ],
    [
        9, 16, 26, 44, 70, 112, 177, 273, 416, 625, 925, 1348, 1936, 2740, 3821, 5253, 7118, 9509,
        12525, 16269, 20843, 26340, 32842, 40410, 49078, 58846, 69679, 81501, 94195, 107610,
        121558, 135830, 150200, 164437, 178318, 191635, 204206, 215884, 226560, 236162, 244662,
        252065, 258411, 263762, 268204, 271831, 274746, 277051, 278845, 280218, 281253, 282020,
        282580, 282982, 283266, 283464, 283599, 283690, 283750, 283789, 283814, 283830, 283840,
        283846,
    ],
    [
        11, 18, 31, 50, 81, 130, 204, 315, 481, 722, 1067, 1556, 2235, 3163, 4412, 6065, 8219,
        10981, 14466, 18792, 24077, 30429, 37944, 46691, 56710, 68002, 80526, 94195, 108875,
        124388, 140521, 157029, 173652, 190124, 206184, 221593, 236141, 249656, 262013, 273129,
        282969, 291540, 298887, 305085, 310228, 314430, 317806, 320476, 322555, 324146, 325345,
        326234, 326883, 327349, 327678, 327907, 328064, 328169, 328239, 328285, 328314, 328332,
        328344, 328351,
    ],
    [
        12, 21, 35, 57, 93, 148, 232, 360, 548, 823, 1218, 1775, 2550, 3609, 5035, 6922, 9382,
        12536, 16515, 21455, 27491, 34748, 43332, 53325, 64772, 77675, 91988, 107610, 124388,
        142121, 160564, 179438, 198445, 217280, 235647, 253270, 269911, 285372, 299508, 312226,
        323485, 333294, 341703, 348796, 354684, 359494, 363359, 366417, 368797, 370619, 371992,
        373011, 373754, 374288, 374665, 374927, 375107, 375228, 375308, 375360, 375393, 375415,
        375428, 375436,
    ],
    [
        14, 24, 39, 65, 105, 167, 262, 406, 618, 929, 1374, 2003, 2877, 4073, 5682, 7813, 10590,
        14150, 18644, 24223, 31039, 39235, 48931, 60220, 73153, 87732, 103904, 121558, 140521,
        160564, 181411, 202748, 224236, 245532, 266301, 286231, 305051, 322539, 338529, 352917,
        365656, 376754, 386269, 394297, 400961, 406404, 410780, 414242, 416936, 418999, 420555,
        421708, 422550, 423155, 423582, 423879, 424082, 424219, 424310, 424369, 424407, 424431,
        424446, 424455,
    ],
    [
        15, 26, 44, 72, 117, 186, 292, 453, 690, 1036, 1533, 2236, 3211, 4546, 6343, 8723, 11824,
        15801, 20819, 27052, 34667, 43824, 54658, 67273, 81725, 98020, 116096, 135830, 157029,
        179438, 202748, 226606, 250638, 274456, 297685, 319979, 341033, 360598, 378490, 394590,
        408845, 421267, 431917, 440903, 448363, 454457, 459357, 463233, 466250, 468561, 470303,
        471595, 472538, 473216, 473694, 474027, 474255, 474409, 474510, 474576, 474619, 474646,
        474663, 474673,
    ],
    [
        17, 29, 48, 79, 129, 205, 323, 500, 762, 1144, 1694, 2469, 3548, 5023, 7008, 9638, 13065,
        17461, 23008, 29897, 38317, 48441, 60421, 74371, 90354, 108376, 128371, 150200, 173652,
        198445, 224236, 250638, 277232, 303592, 329304, 353981, 377288, 398949, 418759, 436586,
        452373, 466129, 477925, 487878, 496142, 502894, 508322, 512617, 515960, 518522, 520452,
        521885, 522930, 523681, 524212, 524581, 524833, 525003, 525116, 525190, 525237, 525267,
        525285, 525296,
    ],
    [
        19, 32, 53, 87, 141, 225, 353, 546, 833, 1251, 1852, 2700, 3880, 5494, 7666, 10543, 14293,
        19103, 25175, 32715, 41930, 53013, 66128, 81400, 98901, 118634, 140530, 164437, 190124,
        217280, 245532, 274456, 303592, 332475, 360649, 387692, 413236, 436977, 458691, 478233,
        495540, 510622, 523556, 534470, 543532, 550937, 556891, 561602, 565270, 568080, 570198,
        571770, 572917, 573741, 574323, 574728, 575006, 575192, 575316, 575397, 575449, 575481,
        575502, 575514,
    ],
    [
        20, 34, 57, 94, 152, 243, 382, 592, 902, 1355, 2006, 2925, 4204, 5952, 8306, 11424, 15489,
        20703, 27285, 35459, 45451, 57467, 71689, 88251, 107231, 128634, 152384, 178318, 206184,
        235647, 266301, 297685, 329304, 360649, 391227, 420581, 448308, 474081, 497655, 518873,
        537665, 554043, 568089, 579943, 589786, 597830, 604298, 609415, 613400, 616453, 618755,
        620463, 621710, 622605, 623239, 623679, 623980, 624184, 624318, 624406, 624462, 624498,
        624520, 624533,
    ],
    [
        22, 37, 61, 101, 164, 261, 410, 635, 969, 1455, 2154, 3141, 4513, 6391, 8919, 12269, 16635,
        22236, 29307, 38090, 48825, 61738, 77021, 94820, 115220, 138225, 163755, 191635, 221593,
        253270, 286231, 319979, 353981, 387692, 420581, 452154, 481980, 509706, 535068, 557897,
        578118, 595742, 610857, 623615, 634209, 642867, 649830, 655339, 659629, 662917, 665395,
        667234, 668577, 669542, 670224, 670698, 671023, 671241, 671386, 671481, 671542, 671580,
        671604, 671618,
    ],
    [
        23, 39, 65, 107, 174, 278, 437, 676, 1031, 1549, 2293, 3344, 4805, 6805, 9498, 13065,
        17716, 23682, 31215, 40571, 52009, 65767, 82052, 101020, 122759, 147278, 174489, 204206,
        236141, 269911, 305051, 341033, 377288, 413236, 448308, 481980, 513791, 543365, 570418,
        594771, 616343, 635146, 651274, 664887, 676193, 685432, 692863, 698744, 703323, 706832,
        709478, 711442, 712875, 713905, 714633, 715140, 715487, 715720, 715875, 715976, 716041,
        716082, 716108, 716123,
    ],
    [
        24, 41, 69, 113, 184, 293, 461, 714, 1089, 1636, 2422, 3532, 5076, 7189, 10034, 13804,
        18719, 25024, 32985, 42875, 54965, 69508, 86724, 106777, 129762, 155686, 184459, 215884,
        249656, 285372, 322539, 360598, 398949, 436977, 474081, 509706, 543365, 574657, 603285,
        629057, 651887, 671788, 688859, 703268, 715236, 725018, 732885, 739112, 743961, 747676,
        750479, 752558, 754076, 755167, 755938, 756475, 756842, 757090, 757254, 757361, 757430,
        757473, 757500, 757517,
    ],
    [
        25, 43, 72, 119, 193, 307, 483, 748, 1142, 1715, 2539, 3704, 5324, 7540, 10524, 14478,
        19634, 26249, 34602, 44978, 57664, 72926, 90992, 112037, 136160, 163371, 193573, 226560,
        262013, 299508, 338529, 378490, 418759, 458691, 497655, 535068, 570418, 603285, 633355,
        660427, 684410, 705317, 723252, 738391, 750967, 761245, 769513, 776056, 781152, 785057,
        788003, 790188, 791784, 792931, 793742, 794307, 794693, 794953, 795126, 795238, 795311,
        795356, 795385, 795402,
    ],
    [
        27, 45, 75, 124, 201, 320, 503, 779, 1189, 1787, 2645, 3858, 5546, 7855, 10964, 15084,
        20457, 27350, 36054, 46869, 60091, 75998, 94829, 116767, 141914, 170282, 201769, 236162,
        273129, 312226, 352917, 394590, 436586, 478233, 518873, 557897, 594771, 629057, 660427,
        688670, 713692, 735507, 754221, 770019, 783142, 793869, 802497, 809326, 814646, 818722,
        821797, 824079, 825745, 826942, 827789, 828378, 828782, 829053, 829234, 829351, 829427,
        829474, 829504, 829522,
    ],
    [
        27, 47, 78, 128, 208, 331, 521, 807, 1231, 1850, 2738, 3995, 5742, 8133, 11353, 15620,
        21184, 28324, 37339, 48541, 62237, 78715, 98224, 120951, 147006, 176397, 209024, 244662,
        282969, 323485, 365656, 408845, 452373, 495540, 537665, 578118, 616343, 651887, 684410,
        713692, 739637, 762256, 781662, 798044, 811653, 822778, 831727, 838810, 844327, 848556,
        851746, 854113, 855841, 857084, 857962, 858573, 858992, 859274, 859461, 859583, 859661,
        859711, 859742, 859761,
    ],
    [
        28, 48, 80, 132, 214, 341, 536, 831, 1267, 1904, 2820, 4113, 5912, 8375, 11691, 16086,
        21817, 29171, 38457, 49996, 64105, 81081, 101179, 124595, 151440, 181723, 215342, 252065,
        291540, 333294, 376754, 421267, 466129, 510622, 554043, 595742, 635146, 671788, 705317,
        735507, 762256, 785578, 805587, 822480, 836514, 847987, 857215, 864521, 870211, 874573,
        877862, 880304, 882087, 883369, 884275, 884906, 885338, 885629, 885822, 885948, 886028,
        886080, 886111, 886131,
    ],
    [
        29, 49, 82, 135, 219, 350, 550, 851, 1298, 1951, 2889, 4215, 6058, 8582, 11980, 16484,
        22358, 29896, 39415, 51243, 65705, 83107, 103711, 127717, 155238, 186287, 220756, 258411,
        298887, 341703, 386269, 431917, 477925, 523556, 568089, 610857, 651274, 688859, 723252,
        754221, 781662, 805587, 826116, 843447, 857846, 869617, 879087, 886583, 892422, 896898,
        900274, 902780, 904610, 905925, 906855, 907503, 907946, 908245, 908443, 908572, 908655,
        908708, 908740, 908760,
    ],
    [
        30, 50, 84, 138, 223, 357, 561, 868, 1324, 1991, 2947, 4300, 6181, 8756, 12224, 16820,
        22814, 30507, 40221, 52293, 67054, 84815, 105845, 130348, 158441, 190136, 225323, 263762,
        305085, 348796, 394297, 440903, 487878, 534470, 579943, 623615, 664887, 703268, 738391,
        770019, 798044, 822480, 843447, 861149, 875857, 887881, 897554, 905211, 911177, 915749,
        919198, 921759, 923628, 924972, 925923, 926584, 927037, 927343, 927545, 927677, 927762,
        927816, 927849, 927869,
    ],
    [
        30, 51, 85, 140, 227, 362, 570, 882, 1346, 2023, 2996, 4371, 6283, 8901, 12426, 17099,
        23193, 31013, 40890, 53164, 68172, 86232, 107616, 132531, 161099, 193329, 229112, 268204,
        310228, 354684, 400961, 448363, 496142, 543532, 589786, 634209, 676193, 715236, 750967,
        783142, 811653, 836514, 857846, 875857, 890821, 903055, 912898, 920690, 926760, 931413,
        934923, 937529, 939432, 940800, 941767, 942440, 942901, 943212, 943418, 943552, 943639,
        943693, 943727, 943748,
    ],
    [
        30, 52, 86, 142, 230, 367, 577, 894, 1364, 2050, 3035, 4428, 6366, 9018, 12591, 17326,
        23501, 31427, 41436, 53874, 69085, 87388, 109061, 134314, 163268, 195937, 232206, 271831,
        314430, 359494, 406404, 454457, 502894, 550937, 597830, 642867, 685432, 725018, 761245,
        793869, 822778, 847987, 869617, 887881, 903055, 915462, 925444, 933346, 939502, 944221,
        947781, 950423, 952353, 953741, 954722, 955405, 955873, 956188, 956397, 956533, 956621,
        956676, 956711, 956732,
    ],
    [
        31, 52, 87, 143, 232, 371, 583, 903, 1378, 2071, 3067, 4475, 6433, 9113, 12723, 17508,
        23749, 31758, 41874, 54445, 69817, 88316, 110221, 135745, 165011, 198032, 234693, 274746,
        317806, 363359, 410780, 459357, 508322, 556891, 604298, 649830, 692863, 732885, 769513,
        802497, 831727, 857215, 879087, 897554, 912898, 925444, 935537, 943528, 949753, 954526,
        958126, 960798, 962750, 964153, 965146, 965836, 966310, 966628, 966840, 966978, 967066,
        967122, 967157, 967178,
    ],
    [
        31, 53, 88, 144, 234, 374, 588, 911, 1389, 2088, 3092, 4511, 6485, 9188, 12827, 17652,
        23944, 32020, 42220, 54895, 70396, 89050, 111139, 136877, 166389, 199688, 236659, 277051,
        320476, 366417, 414242, 463233, 512617, 561602, 609415, 655339, 698744, 739112, 776056,
        809326, 838810, 864521, 886583, 905211, 920690, 933346, 943528, 951589, 957870, 962684,
        966316, 969013, 970982, 972398, 973399, 974096, 974573, 974895, 975108, 975247, 975337,
        975393, 975428, 975450,
    ],
    [
        31, 53, 88, 145, 236, 376, 592, 916, 1398, 2101, 3111, 4539, 6526, 9246, 12909, 17764,
        24096, 32224, 42489, 55246, 70847, 89621, 111852, 137757, 167461, 200976, 238188, 278845,
        322555, 368797, 416936, 466250, 515960, 565270, 613400, 659629, 703323, 743961, 781152,
        814646, 844327, 870211, 892422, 911177, 926760, 939502, 949753, 957870, 964193, 969041,
        972698, 975412, 977395, 978821, 979829, 980531, 981011, 981335, 981550, 981690, 981780,
        981837, 981872, 981894,
    ],
    [
        31, 53, 89, 146, 237, 378, 594, 921, 1404, 2111, 3126, 4561, 6557, 9290, 12971, 17849,
        24213, 32380, 42695, 55514, 71191, 90057, 112398, 138431, 168282, 201963, 239360, 280218,
        324146, 370619, 418999, 468561, 518522, 568080, 616453, 662917, 706832, 747676, 785057,
        818722, 848556, 874573, 896898, 915749, 931413, 944221, 954526, 962684, 969041, 973914,
        977590, 980319, 982312, 983745, 984758, 985464, 985947, 986273, 986489, 986630, 986720,
        986777, 986813, 986835,
    ],
    [
        31, 53, 89, 147, 238, 379, 596, 924, 1409, 2119, 3137, 4577, 6581, 9323, 13017, 17914,
        24300, 32497, 42850, 55716, 71451, 90386, 112809, 138938, 168900, 202706, 240242, 281253,
        325345, 371992, 420555, 470303, 520452, 570198, 618755, 665395, 709478, 750479, 788003,
        821797, 851746, 877862, 900274, 919198, 934923, 947781, 958126, 966316, 972698, 977590,
        981280, 984020, 986021, 987460, 988477, 989186, 989671, 989998, 990215, 990356, 990447,
        990504, 990540, 990562,
    ],
    [
        31, 53, 89, 147, 238, 380, 598, 926, 1413, 2124, 3146, 4590, 6598, 9348, 13052, 17961,
        24365, 32584, 42965, 55866, 71643, 90630, 113114, 139315, 169358, 203257, 240896, 282020,
        326234, 373011, 421708, 471595, 521885, 571770, 620463, 667234, 711442, 752558, 790188,
        824079, 854113, 880304, 902780, 921759, 937529, 950423, 960798, 969013, 975412, 980319,
        984020, 986768, 988775, 990218, 991238, 991949, 992435, 992763, 992981, 993122, 993214,
        993271, 993307, 993329,
    ],
    [
        32, 54, 89, 147, 239, 381, 599, 928, 1416, 2128, 3152, 4598, 6611, 9366, 13077, 17996,
        24412, 32647, 43048, 55975, 71783, 90808, 113336, 139589, 169692, 203659, 241374, 282580,
        326883, 373754, 422550, 472538, 522930, 572917, 621710, 668577, 712875, 754076, 791784,
        825745, 855841, 882087, 904610, 923628, 939432, 952353, 962750, 970982, 977395, 982312,
        986021, 988775, 990786, 992232, 993255, 993967, 994454, 994783, 995001, 995143, 995235,
        995292, 995328, 995350,
    ],
    [
        32, 54, 90, 147, 239, 382, 600, 929, 1418, 2131, 3156, 4605, 6620, 9379, 13095, 18021,
        24446, 32693, 43108, 56053, 71884, 90935, 113496, 139786, 169932, 203947, 241716, 282982,
        327349, 374288, 423155, 473216, 523681, 573741, 622605, 669542, 713905, 755167, 792931,
        826942, 857084, 883369, 905925, 924972, 940800, 953741, 964153, 972398, 978821, 983745,
        987460, 990218, 992232, 993680, 994705, 995418, 995906, 996235, 996454, 996596, 996687,
        996745, 996781, 996803,
    ],
    [
        32, 54, 90, 148, 239, 382, 600, 930, 1419, 2133, 3159, 4609, 6626, 9388, 13108, 18039,
        24470, 32725, 43151, 56108, 71955, 91025, 113608, 139925, 170101, 204151, 241958, 283266,
        327678, 374665, 423582, 473694, 524212, 574323, 623239, 670224, 714633, 755938, 793742,
        827789, 857962, 884275, 906855, 925923, 941767, 954722, 965146, 973399, 979829, 984758,
        988477, 991238, 993255, 994705, 995730, 996444, 996933, 997262, 997481, 997624, 997715,
        997773, 997809, 997831,
    ],
    [
        32, 54, 90, 148, 239, 382, 601, 931, 1420, 2135, 3161, 4612, 6631, 9394, 13117, 18051,
        24487, 32747, 43180, 56146, 72004, 91088, 113687, 140021, 170219, 204293, 242126, 283464,
        327907, 374927, 423879, 474027, 524581, 574728, 623679, 670698, 715140, 756475, 794307,
        828378, 858573, 884906, 907503, 926584, 942440, 955405, 965836, 974096, 980531, 985464,
        989186, 991949, 993967, 995418, 996444, 997158, 997648, 997977, 998196, 998339, 998430,
        998488, 998524, 998546,
    ],
    [
        32, 54, 90, 148, 239, 382, 601, 931, 1421, 2136, 3162, 4614, 6634, 9399, 13123, 18059,
        24498, 32762, 43200, 56173, 72038, 91130, 113740, 140087, 170299, 204390, 242242, 283599,
        328064, 375107, 424082, 474255, 524833, 575006, 623980, 671023, 715487, 756842, 794693,
        828782, 858992, 885338, 907946, 927037, 942901, 955873, 966310, 974573, 981011, 985947,
        989671, 992435, 994454, 995906, 996933, 997648, 998137, 998467, 998686, 998829, 998920,
        998978, 999014, 999036,
    ],
    [
        32, 54, 90, 148, 240, 382, 601, 931, 1421, 2136, 3163, 4616, 6636, 9401, 13127, 18065,
        24506, 32772, 43214, 56190, 72060, 91159, 113776, 140132, 170354, 204455, 242319, 283690,
        328169, 375228, 424219, 474409, 525003, 575192, 624184, 671241, 715720, 757090, 794953,
        829053, 859274, 885629, 908245, 927343, 943212, 956188, 966628, 974895, 981335, 986273,
        989998, 992763, 994783, 996235, 997262, 997977, 998467, 998797, 999016, 999159, 999251,
        999309, 999345, 999367,
    ],
    [
        32, 54, 90, 148, 240, 382, 601, 932, 1421, 2137, 3164, 4617, 6637, 9403, 13129, 18068,
        24511, 32779, 43223, 56202, 72075, 91178, 113800, 140161, 170389, 204498, 242370, 283750,
        328239, 375308, 424310, 474510, 525116, 575316, 624318, 671386, 715875, 757254, 795126,
        829234, 859461, 885822, 908443, 927545, 943418, 956397, 966840, 975108, 981550, 986489,
        990215, 992981, 995001, 996454, 997481, 998196, 998686, 999016, 999235, 999378, 999470,
        999528, 999564, 999586,
    ],
    [
        32, 54, 90, 148, 240, 383, 602, 932, 1422, 2137, 3165, 4617, 6638, 9405, 13131, 18071,
        24514, 32784, 43228, 56210, 72085, 91191, 113816, 140180, 170413, 204526, 242404, 283789,
        328285, 375360, 424369, 474576, 525190, 575397, 624406, 671481, 715976, 757361, 795238,
        829351, 859583, 885948, 908572, 927677, 943552, 956533, 966978, 975247, 981690, 986630,
        990356, 993122, 995143, 996596, 997624, 998339, 998829, 999159, 999378, 999521, 999613,
        999671, 999707, 999729,
    ],
    [
        32, 54, 90, 148, 240, 383, 602, 932, 1422, 2137, 3165, 4618, 6639, 9405, 13132, 18072,
        24516, 32786, 43232, 56214, 72091, 91198, 113825, 140193, 170428, 204544, 242425, 283814,
        328314, 375393, 424407, 474619, 525237, 575449, 624462, 671542, 716041, 757430, 795311,
        829427, 859661, 886028, 908655, 927762, 943639, 956621, 967066, 975337, 981780, 986720,
        990447, 993214, 995235, 996687, 997715, 998430, 998920, 999251, 999470, 999613, 999704,
        999762, 999798, 999820,
    ],
    [
        32, 54, 90, 148, 240, 383, 602, 932, 1422, 2137, 3165, 4618, 6639, 9406, 13133, 18073,
        24517, 32788, 43235, 56217, 72095, 91203, 113832, 140201, 170437, 204556, 242439, 283830,
        328332, 375415, 424431, 474646, 525267, 575481, 624498, 671580, 716082, 757473, 795356,
        829474, 859711, 886080, 908708, 927816, 943693, 956676, 967122, 975393, 981837, 986777,
        990504, 993271, 995292, 996745, 997773, 998488, 998978, 999309, 999528, 999671, 999762,
        999820, 999856, 999879,
    ],
    [
        32, 54, 90, 148, 240, 383, 602, 932, 1422, 2137, 3165, 4618, 6639, 9406, 13133, 18074,
        24518, 32789, 43236, 56219, 72098, 91207, 113836, 140205, 170443, 204563, 242447, 283840,
        328344, 375428, 424446, 474663, 525285, 575502, 624520, 671604, 716108, 757500, 795385,
        829504, 859742, 886111, 908740, 927849, 943727, 956711, 967157, 975428, 981872, 986813,
        990540, 993307, 995328, 996781, 997809, 998524, 999014, 999345, 999564, 999707, 999798,
        999856, 999893, 999915,
    ],
    [
        32, 54, 90, 148, 240, 383, 602, 932, 1422, 2137, 3165, 4618, 6639, 9406, 13134, 18074,
        24519, 32790, 43237, 56221, 72099, 91209, 113838, 140208, 170447, 204567, 242452, 283846,
        328351, 375436, 424455, 474673, 525296, 575514, 624533, 671618, 716123, 757517, 795402,
        829522, 859761, 886131, 908760, 927869, 943748, 956732, 967178, 975450, 981894, 986835,
        990562, 993329, 995350, 996803, 997831, 998546, 999036, 999367, 999586, 999729, 999820,
        999879, 999915, 999937,
    ],
];

/// Φ₂ table at |ρ| = 0.5096173696  (RESID_SPY_IWM)
pub const PHI2_RESID_SPY_IWM: [[i32; 64]; 64] = [
    [
        1, 1, 1, 1, 2, 3, 3, 4, 5, 7, 8, 10, 11, 13, 15, 17, 19, 20, 22, 24, 25, 26, 27, 28, 29,
        30, 30, 31, 31, 31, 31, 31, 32, 32, 32, 32, 32, 32, 32, 32, 32, 32, 32, 32, 32, 32, 32, 32,
        32, 32, 32, 32, 32, 32, 32, 32, 32, 32, 32, 32, 32, 32, 32, 32,
    ],
    [
        1, 1, 2, 2, 3, 4, 5, 6, 8, 10, 12, 15, 18, 21, 24, 27, 30, 33, 36, 39, 41, 43, 45, 47, 49,
        50, 51, 52, 52, 53, 53, 53, 53, 54, 54, 54, 54, 54, 54, 54, 54, 54, 54, 54, 54, 54, 54, 54,
        54, 54, 54, 54, 54, 54, 54, 54, 54, 54, 54, 54, 54, 54, 54, 54,
    ],
    [
        1, 2, 2, 3, 4, 6, 7, 10, 12, 15, 19, 23, 27, 32, 37, 42, 47, 53, 58, 62, 67, 71, 74, 78,
        80, 82, 84, 86, 87, 88, 88, 89, 89, 89, 90, 90, 90, 90, 90, 90, 90, 90, 90, 90, 90, 90, 90,
        90, 90, 90, 90, 90, 90, 90, 90, 90, 90, 90, 90, 90, 90, 90, 90, 90,
    ],
    [
        1, 2, 3, 4, 6, 8, 11, 14, 18, 23, 28, 34, 41, 49, 57, 65, 74, 83, 91, 99, 107, 114, 120,
        125, 130, 134, 137, 140, 142, 144, 145, 146, 146, 147, 147, 147, 148, 148, 148, 148, 148,
        148, 148, 148, 148, 148, 148, 148, 148, 148, 148, 148, 148, 148, 148, 148, 148, 148, 148,
        148, 148, 148, 148, 148,
    ],
    [
        2, 3, 4, 6, 8, 11, 15, 20, 26, 33, 41, 51, 61, 73, 86, 99, 113, 127, 141, 154, 167, 179,
        189, 199, 207, 214, 220, 225, 229, 232, 234, 236, 237, 238, 238, 239, 239, 239, 239, 240,
        240, 240, 240, 240, 240, 240, 240, 240, 240, 240, 240, 240, 240, 240, 240, 240, 240, 240,
        240, 240, 240, 240, 240, 240,
    ],
    [
        3, 4, 6, 8, 11, 16, 21, 28, 37, 47, 59, 74, 90, 108, 127, 148, 170, 192, 214, 236, 257,
        276, 294, 310, 325, 337, 347, 355, 362, 368, 372, 375, 377, 379, 380, 381, 382, 382, 382,
        382, 382, 383, 383, 383, 383, 383, 383, 383, 383, 383, 383, 383, 383, 383, 383, 383, 383,
        383, 383, 383, 383, 383, 383, 383,
    ],
    [
        3, 5, 7, 11, 15, 21, 29, 39, 51, 66, 84, 105, 129, 156, 185, 217, 251, 285, 320, 355, 389,
        420, 450, 476, 500, 521, 538, 553, 565, 574, 582, 587, 592, 595, 597, 599, 600, 600, 601,
        601, 601, 601, 602, 602, 602, 602, 602, 602, 602, 602, 602, 602, 602, 602, 602, 602, 602,
        602, 602, 602, 602, 602, 602, 602,
    ],
    [
        4, 6, 10, 14, 20, 28, 39, 52, 69, 90, 116, 146, 181, 221, 265, 313, 363, 416, 471, 525,
        577, 628, 675, 719, 758, 792, 821, 846, 866, 883, 896, 906, 914, 919, 923, 926, 928, 929,
        930, 931, 931, 932, 932, 932, 932, 932, 932, 932, 932, 932, 932, 932, 932, 932, 932, 932,
        932, 932, 932, 932, 932, 932, 932, 932,
    ],
    [
        5, 8, 12, 18, 26, 37, 51, 69, 93, 122, 158, 200, 250, 307, 371, 442, 517, 597, 679, 761,
        843, 922, 996, 1066, 1128, 1184, 1232, 1273, 1308, 1336, 1358, 1375, 1389, 1399, 1406,
        1411, 1415, 1417, 1419, 1420, 1421, 1421, 1422, 1422, 1422, 1422, 1422, 1422, 1422, 1422,
        1422, 1422, 1422, 1422, 1422, 1422, 1422, 1422, 1422, 1422, 1422, 1422, 1422, 1422,
    ],
    [
        7, 10, 15, 23, 33, 47, 66, 90, 122, 162, 211, 270, 340, 420, 512, 613, 723, 840, 962, 1086,
        1209, 1330, 1445, 1553, 1652, 1741, 1819, 1886, 1942, 1989, 2026, 2056, 2078, 2096, 2108,
        2118, 2124, 2129, 2132, 2134, 2135, 2136, 2137, 2137, 2137, 2137, 2137, 2137, 2137, 2137,
        2137, 2137, 2137, 2137, 2137, 2137, 2137, 2137, 2137, 2137, 2137, 2137, 2137, 2137,
    ],
    [
        8, 12, 19, 28, 41, 59, 84, 116, 158, 211, 277, 357, 453, 565, 693, 836, 993, 1162, 1339,
        1521, 1705, 1886, 2061, 2226, 2379, 2518, 2641, 2748, 2839, 2914, 2976, 3025, 3063, 3092,
        3114, 3130, 3141, 3149, 3155, 3159, 3161, 3163, 3164, 3164, 3165, 3165, 3165, 3165, 3165,
        3165, 3165, 3165, 3165, 3165, 3165, 3165, 3165, 3165, 3165, 3165, 3165, 3165, 3165, 3165,
    ],
    [
        10, 15, 23, 34, 51, 74, 105, 146, 200, 270, 357, 464, 594, 746, 922, 1120, 1340, 1579,
        1832, 2095, 2362, 2629, 2889, 3137, 3369, 3581, 3771, 3938, 4082, 4202, 4301, 4381, 4444,
        4493, 4530, 4557, 4576, 4590, 4600, 4606, 4611, 4614, 4615, 4617, 4617, 4618, 4618, 4618,
        4618, 4618, 4618, 4618, 4618, 4618, 4618, 4618, 4618, 4618, 4618, 4618, 4618, 4618, 4618,
        4618,
    ],
    [
        11, 18, 27, 41, 61, 90, 129, 181, 250, 340, 453, 594, 764, 968, 1205, 1475, 1777, 2108,
        2462, 2834, 3217, 3601, 3980, 4345, 4690, 5009, 5298, 5553, 5775, 5964, 6120, 6248, 6349,
        6428, 6489, 6534, 6567, 6591, 6607, 6619, 6626, 6631, 6635, 6637, 6638, 6639, 6639, 6639,
        6639, 6640, 6640, 6640, 6640, 6640, 6640, 6640, 6640, 6640, 6640, 6640, 6640, 6640, 6640,
        6640,
    ],
    [
        13, 21, 32, 49, 73, 108, 156, 221, 307, 420, 565, 746, 968, 1234, 1548, 1909, 2316, 2766,
        3254, 3770, 4306, 4850, 5391, 5918, 6421, 6891, 7320, 7704, 8041, 8329, 8572, 8771, 8932,
        9058, 9156, 9229, 9284, 9323, 9351, 9370, 9383, 9392, 9398, 9401, 9403, 9405, 9406, 9406,
        9406, 9407, 9407, 9407, 9407, 9407, 9407, 9407, 9407, 9407, 9407, 9407, 9407, 9407, 9407,
        9407,
    ],
    [
        15, 24, 37, 57, 86, 127, 185, 265, 371, 512, 693, 922, 1205, 1548, 1955, 2428, 2968, 3569,
        4227, 4930, 5666, 6421, 7180, 7927, 8646, 9324, 9949, 10515, 11016, 11450, 11818, 12124,
        12372, 12570, 12724, 12842, 12929, 12993, 13039, 13072, 13094, 13108, 13118, 13124, 13128,
        13131, 13132, 13133, 13134, 13134, 13134, 13134, 13134, 13134, 13134, 13134, 13134, 13134,
        13134, 13134, 13134, 13134, 13134, 13134,
    ],
    [
        17, 27, 42, 65, 99, 148, 217, 313, 442, 613, 836, 1120, 1475, 1909, 2428, 3038, 3739, 4528,
        5398, 6338, 7332, 8361, 9405, 10441, 11449, 12409, 13304, 14122, 14852, 15491, 16039,
        16498, 16876, 17179, 17418, 17602, 17741, 17843, 17917, 17970, 18006, 18031, 18047, 18058,
        18065, 18069, 18071, 18073, 18074, 18074, 18075, 18075, 18075, 18075, 18075, 18075, 18075,
        18075, 18075, 18075, 18075, 18075, 18075, 18075,
    ],
    [
        19, 30, 47, 74, 113, 170, 251, 363, 517, 723, 993, 1340, 1777, 2316, 2968, 3739, 4634,
        5650, 6782, 8015, 9331, 10707, 12116, 13528, 14915, 16249, 17504, 18662, 19707, 20631,
        21430, 22107, 22669, 23125, 23488, 23770, 23985, 24146, 24263, 24347, 24405, 24446, 24473,
        24490, 24502, 24509, 24513, 24516, 24517, 24518, 24519, 24519, 24519, 24519, 24519, 24519,
        24519, 24519, 24519, 24519, 24519, 24519, 24519, 24519,
    ],
    [
        20, 33, 53, 83, 127, 192, 285, 416, 597, 840, 1162, 1579, 2108, 2766, 3569, 4528, 5650,
        6937, 8381, 9970, 11681, 13488, 15354, 17243, 19116, 20934, 22662, 24271, 25738, 27046,
        28190, 29169, 29989, 30661, 31202, 31626, 31953, 32200, 32381, 32513, 32606, 32670, 32713,
        32742, 32761, 32773, 32780, 32785, 32787, 32789, 32790, 32790, 32791, 32791, 32791, 32791,
        32791, 32791, 32791, 32791, 32791, 32791, 32791, 32791,
    ],
    [
        22, 36, 58, 91, 141, 214, 320, 471, 679, 962, 1339, 1832, 2462, 3254, 4227, 5398, 6782,
        8381, 10193, 12204, 14390, 16718, 19147, 21627, 24109, 26542, 28876, 31070, 33089, 34908,
        36514, 37901, 39075, 40047, 40836, 41463, 41950, 42320, 42597, 42798, 42942, 43043, 43112,
        43158, 43188, 43208, 43220, 43227, 43232, 43235, 43236, 43237, 43238, 43238, 43238, 43238,
        43238, 43238, 43238, 43238, 43238, 43238, 43238, 43238,
    ],
    [
        24, 39, 62, 99, 154, 236, 355, 525, 761, 1086, 1521, 2095, 2834, 3770, 4930, 6338, 8015,
        9970, 12204, 14705, 17449, 20397, 23499, 26698, 29928, 33122, 36217, 39153, 41881, 44363,
        46574, 48504, 50152, 51531, 52661, 53567, 54278, 54825, 55237, 55540, 55759, 55914, 56021,
        56093, 56141, 56172, 56192, 56204, 56212, 56216, 56219, 56220, 56221, 56222, 56222, 56222,
        56222, 56222, 56222, 56222, 56222, 56222, 56222, 56222,
    ],
    [
        25, 41, 67, 107, 167, 257, 389, 577, 843, 1209, 1705, 2362, 3217, 4306, 5666, 7332, 9331,
        11681, 14390, 17449, 20833, 24500, 28395, 32446, 36575, 40695, 44724, 48581, 52199, 55522,
        58510, 61143, 63415, 65333, 66920, 68205, 69224, 70016, 70617, 71065, 71391, 71624, 71787,
        71898, 71973, 72021, 72053, 72072, 72084, 72092, 72096, 72098, 72100, 72101, 72101, 72101,
        72101, 72101, 72101, 72101, 72101, 72101, 72101, 72101,
    ],
    [
        26, 43, 71, 114, 179, 276, 420, 628, 922, 1330, 1886, 2629, 3601, 4850, 6421, 8361, 10707,
        13488, 16718, 20397, 24500, 28987, 33792, 38834, 44018, 49239, 54389, 59366, 64077, 68444,
        72409, 75935, 79006, 81625, 83812, 85600, 87032, 88155, 89018, 89666, 90143, 90487, 90729,
        90897, 91010, 91085, 91134, 91164, 91184, 91195, 91202, 91206, 91208, 91210, 91210, 91211,
        91211, 91211, 91211, 91211, 91211, 91211, 91211, 91211,
    ],
    [
        27, 45, 74, 120, 189, 294, 450, 675, 996, 1445, 2061, 2889, 3980, 5391, 7180, 9405, 12116,
        15354, 19147, 23499, 28395, 33792, 39621, 45791, 52188, 58688, 65157, 71465, 77490, 83126,
        88291, 92927, 97002, 100511, 103468, 105911, 107885, 109449, 110661, 111581, 112264,
        112762, 113117, 113364, 113533, 113646, 113720, 113768, 113797, 113816, 113827, 113833,
        113837, 113839, 113840, 113841, 113841, 113841, 113841, 113841, 113841, 113841, 113841,
        113841,
    ],
    [
        28, 47, 78, 125, 199, 310, 476, 719, 1066, 1553, 2226, 3137, 4345, 5918, 7927, 10441,
        13528, 17243, 21627, 26698, 32446, 38834, 45791, 53214, 60978, 68933, 76920, 84775, 92345,
        99491, 106099, 112084, 117394, 122008, 125935, 129207, 131879, 134014, 135686, 136967,
