//! Fast bivariate normal CDF at fixed correlation via polynomial decomposition.
//!
//! Uses 9-subdomain degree-8 tensor-product Chebyshev approximation of T(a,b;ρ).
//! Φ₂(a, b; ρ) = Φ(a)·Φ(b) + ρ·φ(a)·φ(b)·T_poly(a, b)
//!
//! Generated by `scripts/gen_bvn_fast_coeffs.py` — do not edit manually.

use crate::arithmetic::{fp_mul_i, fp_mul_i_round};
use crate::error::SolMathError;
use crate::normal::{norm_cdf_poly, norm_pdf};
use crate::SCALE_I;

/// Domain boundary: the polynomial covers [-4, +4]².
const DOMAIN_MIN: i128 = -4000000000000;
const DOMAIN_MAX: i128 = 4000000000000;

/// Subdomain split boundaries (3 intervals per axis = 9 subdomains).
const SPLIT_LO: i128 = -1333333333333;
const SPLIT_HI: i128 = 1333333333333;

/// Midpoint and half-width for each interval, used for Chebyshev normalisation.
const INTERVAL_MID: [i128; 3] = [-2666666666667, 0, 2666666666666];
const INTERVAL_HW: [i128; 3] = [1333333333333, 1333333333333, 1333333333333];

const DEG: usize = 8;
const N_COEFFS_PER_DIM: usize = DEG + 1; // 9

/// Fixed correlation for IWM_QQQ.
/// ρ = 0.7763218317079643 (max Φ₂ error < 2.1e-06)
pub const RHO_IWM_QQQ: i128 = 776321831708;

/// Subdomain Chebyshev coefficients for T(a,b) at ρ = 0.7763.
/// 9 subdomains × 81 coefficients = 729 total.
pub const COEFFS_IWM_QQQ: [[[i128; 9]; 9]; 9] = [
    // Sub 0: a∈[-4.000,-1.333], b∈[-4.000,-1.333]
    [
        [
            27035302463660,
            -37192194857016,
            15765399907301,
            -4086236720598,
            386403999867,
            151037641317,
            -68284854020,
            9472391204,
            1441467025,
        ],
        [
            -37192194857016,
            58113390468752,
            -27438283325055,
            7690026968386,
            -873451484835,
            -240616879562,
            127856668214,
            -20347422810,
            -2231695271,
        ],
        [
            15765399907301,
            -27438283325055,
            16408614551096,
            -6033132282288,
            1077428041246,
            91658924185,
            -101375146658,
            21952923174,
            467988478,
        ],
        [
            -4086236720598,
            7690026968386,
            -6033132282288,
            3236244827170,
            -983047522182,
            78812795878,
            54799450939,
            -20879421470,
            1670350650,
        ],
        [
            386403999867,
            -873451484835,
            1077428041246,
            -983047522182,
            526119688753,
            -135530727359,
            -3865928771,
            12925551641,
            -3045722578,
        ],
        [
            151037641317,
            -240616879562,
            91658924185,
            78812795878,
            -135530727359,
            77951989931,
            -17228216570,
            -2415669144,
            2276912479,
        ],
        [
            -68284854020,
            127856668214,
            -101375146658,
            54799450939,
            -3865928771,
            -17228216570,
            10999243988,
            -2197994750,
            -548086798,
        ],
        [
            9472391204,
            -20347422810,
            21952923173,
            -20879421470,
            12925551641,
            -2415669144,
            -2197994750,
            1551833145,
            -251688519,
        ],
        [
            1441467025,
            -2231695271,
            467988478,
            1670350650,
            -3045722578,
            2276912479,
            -548086798,
            -251688519,
            202018308,
        ],
    ],
    // Sub 1: a∈[-4.000,-1.333], b∈[-1.333,1.333]
    [
        [
            841109973199,
            -793525812975,
            273808630374,
            -72916667782,
            15810929209,
            -3203689961,
            737169255,
            -180822363,
            36475942,
        ],
        [
            210252324480,
            -84580817407,
            -47242662941,
            49341377152,
            -23262850606,
            7132558674,
            -1515483077,
            231240814,
            -33611876,
        ],
        [
            -17708169412,
            82089643681,
            -66973238705,
            32239026988,
            -9370396224,
            1067178432,
            382732273,
            -224182921,
            55889044,
        ],
        [
            -13868462722,
            30606000268,
            -16887695596,
            3593575372,
            1615976212,
            -1654100118,
            661802550,
            -137100040,
            2517797,
        ],
        [
            -1087742410,
            1876082588,
            1341918665,
            -2835724335,
            1997260928,
            -728320053,
            86582188,
            46852769,
            -28904757,
        ],
        [
            813564877,
            -1604265089,
            1688080947,
            -1134589424,
            360007196,
            53711723,
            -106157390,
            47292772,
            -8633419,
        ],
        [
            208841504, -371598659, 246396726, -19198840, -119717021, 106299810, -40937433, 3927874,
            4129677,
        ],
        [
            -19188475, 45746779, -65315373, 80547131, -58704405, 19481789, 3217755, -5966601,
            2548362,
        ],
        [
            -14593903, 27684214, -23805374, 15029568, -2120514, -5538580, 4975812, -1815534, -424,
        ],
    ],
    // Sub 2: a∈[-4.000,-1.333], b∈[1.333,4.000]
    [
        [
            171885711761,
            -72485269299,
            14165896024,
            -2596404522,
            449678317,
            -73817855,
            11440726,
            -1638097,
            208430,
        ],
        [
            72485269302,
            -30562730354,
            5969134269,
            -1091453582,
            187478037,
            -29973040,
            4281933,
            -476076,
            10856,
        ],
        [
            14165896015,
            -5969134280,
            1162819856,
            -210568591,
            34950815,
            -4959799,
            420813,
            69069,
            -54733,
        ],
        [
            2596404537,
            -1091453558,
            210568603,
            -36734338,
            5271238,
            -314822,
            -192376,
            114989,
            -44519,
        ],
        [
            449678297, -187478071, 34950793, -5271247, 258380, 280438, -180403, 73534, -24643,
        ],
        [
            73817877, -29973002, 4959825, -314809, -280433, 206035, -96660, 35036, -10549,
        ],
        [
            11440708, -4281965, 420791, 192364, -180409, 96658, -40220, 13204, -3401,
        ],
        [
            1638108, -476057, -69055, 114997, -73530, 35038, -13203, 3795, -715,
        ],
        [208428, -10859, -54735, 44518, -24643, 10549, -3401, 715, 2],
    ],
    // Sub 3: a∈[-1.333,1.333], b∈[-4.000,-1.333]
    [
        [
            841109973199,
            210252324480,
            -17708169412,
            -13868462722,
            -1087742410,
            813564877,
            208841504,
            -19188475,
            -14593903,
        ],
        [
            -793525812975,
            -84580817407,
            82089643681,
            30606000268,
            1876082588,
            -1604265089,
            -371598659,
            45746779,
            27684214,
        ],
        [
            273808630374,
            -47242662942,
            -66973238705,
            -16887695596,
            1341918665,
            1688080947,
            246396726,
            -65315373,
            -23805374,
        ],
        [
            -72916667782,
            49341377152,
            32239026988,
            3593575372,
            -2835724335,
            -1134589424,
            -19198840,
            80547131,
            15029568,
        ],
        [
            15810929209,
            -23262850606,
            -9370396224,
            1615976212,
            1997260928,
            360007196,
            -119717021,
            -58704405,
            -2120514,
        ],
        [
            -3203689961,
            7132558674,
            1067178432,
            -1654100118,
            -728320053,
            53711723,
            106299810,
            19481789,
            -5538580,
        ],
        [
            737169255,
            -1515483077,
            382732273,
            661802550,
            86582188,
            -106157390,
            -40937433,
            3217755,
            4975812,
        ],
        [
            -180822363, 231240815, -224182921, -137100040, 46852769, 47292772, 3927874, -5966601,
            -1815534,
        ],
        [
            36475942, -33611876, 55889044, 2517797, -28904757, -8633419, 4129677, 2548362, -424,
        ],
    ],
    // Sub 4: a∈[-1.333,1.333], b∈[-1.333,1.333]
    [
        [
            1010982043942,
            0,
            14017651635,
            0,
            -5606350497,
            0,
            297288688,
            0,
            -3576936,
        ],
        [
            0,
            797966043217,
            0,
            -31992069538,
            0,
            -670910012,
            0,
            146105342,
            0,
        ],
        [
            14017651635,
            0,
            143229485976,
            0,
            -11737020315,
            0,
            379179475,
            0,
            7239520,
        ],
        [
            0,
            -31992069538,
            0,
            26356157248,
            0,
            -2878501493,
            0,
            162582603,
            0,
        ],
        [
            -5606350497,
            0,
            -11737020315,
            0,
            4870098582,
            0,
            -589575077,
            0,
            41119660,
        ],
        [
            0,
            -670910012,
            0,
            -2878501493,
            0,
            862909858,
            0,
            -108789058,
            0,
        ],
        [
            297288688, 0, 379179475, 0, -589575077, 0, 143604956, 0, -17750846,
        ],
        [0, 146105342, 0, 162582603, 0, -108789058, 0, 23791050, 0],
        [-3576936, 0, 7239520, 0, 41119660, 0, -17750846, 0, 3379549],
    ],
    // Sub 5: a∈[-1.333,1.333], b∈[1.333,4.000]
    [
        [
            841109973199,
            -210252324479,
            -17708169412,
            13868462722,
            -1087742410,
            -813564877,
            208841504,
            19188475,
            -14593903,
        ],
        [
            793525812975,
            -84580817407,
            -82089643681,
            30606000268,
            -1876082589,
            -1604265089,
            371598659,
            45746779,
            -27684214,
        ],
        [
            273808630374,
            47242662942,
            -66973238704,
            16887695596,
            1341918665,
            -1688080947,
            246396726,
            65315373,
            -23805374,
        ],
        [
            72916667782,
            49341377152,
            -32239026988,
            3593575373,
            2835724335,
            -1134589424,
            19198840,
            80547131,
            -15029568,
        ],
        [
            15810929209,
            23262850606,
            -9370396224,
            -1615976212,
            1997260929,
            -360007196,
            -119717021,
            58704405,
            -2120514,
        ],
        [
            3203689961,
            7132558674,
            -1067178432,
            -1654100118,
            728320053,
            53711723,
            -106299810,
            19481789,
            5538580,
        ],
        [
            737169255, 1515483077, 382732273, -661802550, 86582188, 106157390, -40937433, -3217755,
            4975812,
        ],
        [
            180822363, 231240815, 224182921, -137100040, -46852769, 47292772, -3927874, -5966601,
            1815534,
        ],
        [
            36475942, 33611876, 55889044, -2517797, -28904757, 8633418, 4129677, -2548362, -424,
        ],
    ],
    // Sub 6: a∈[1.333,4.000], b∈[-4.000,-1.333]
    [
        [
            171885711765,
            72485269295,
            14165896020,
            2596404534,
            449678299,
            73817876,
            11440708,
            1638108,
            208428,
        ],
        [
            -72485269289,
            -30562730371,
            -5969134268,
            -1091453565,
            -187478067,
            -29973004,
            -4281964,
            -476057,
            -10859,
        ],
        [
            14165896037,
            5969134245,
            1162819873,
            210568593,
            34950798,
            4959823,
            420792,
            -69056,
            -54735,
        ],
        [
            -2596404505,
            -1091453613,
            -210568569,
            -36734351,
            -5271240,
            -314812,
            192365,
            114996,
            44518,
        ],
        [
            449678338, 187478001, 34950841, 5271222, 258388, -280437, -180407, -73531, -24643,
        ],
        [
            -73817833, -29973079, -4959772, -314839, 280446, 206032, 96660, 35037, 10549,
        ],
        [
            11440744, 4281901, 420836, -192390, -180396, -96663, -40219, -13204, -3400,
        ],
        [
            -1638086, -476096, 69083, 114980, 73538, 35034, 13204, 3795, 715,
        ],
        [
            208432, 10853, -54730, -44520, -24642, -10550, -3401, -715, 2,
        ],
    ],
    // Sub 7: a∈[1.333,4.000], b∈[-1.333,1.333]
    [
        [
            841109973199,
            793525812975,
            273808630374,
            72916667782,
            15810929209,
            3203689961,
            737169255,
            180822363,
            36475942,
        ],
        [
            -210252324479,
            -84580817407,
            47242662942,
            49341377152,
            23262850606,
            7132558674,
            1515483077,
            231240815,
            33611876,
        ],
        [
            -17708169412,
            -82089643681,
            -66973238704,
            -32239026988,
            -9370396224,
            -1067178432,
            382732273,
            224182921,
            55889044,
        ],
        [
            13868462722,
            30606000267,
            16887695596,
            3593575373,
            -1615976212,
            -1654100118,
            -661802550,
            -137100040,
            -2517797,
        ],
        [
            -1087742410,
            -1876082589,
            1341918665,
            2835724335,
            1997260929,
            728320053,
            86582188,
            -46852769,
            -28904757,
        ],
        [
            -813564877,
            -1604265089,
            -1688080947,
            -1134589424,
            -360007196,
            53711723,
            106157390,
            47292772,
            8633418,
        ],
        [
            208841504, 371598659, 246396726, 19198840, -119717021, -106299810, -40937433, -3927874,
            4129677,
        ],
        [
            19188475, 45746779, 65315373, 80547131, 58704405, 19481789, -3217755, -5966601,
            -2548362,
        ],
        [
            -14593903, -27684214, -23805374, -15029568, -2120514, 5538580, 4975812, 1815534, -424,
        ],
    ],
    // Sub 8: a∈[1.333,4.000], b∈[1.333,4.000]
    [
        [
            27035302463734,
            37192194857164,
            15765399907449,
            4086236720739,
            386403999992,
            -151037641218,
            -68284853954,
            -9472391168,
            1441467040,
        ],
        [
            37192194857164,
            58113390469052,
            27438283325352,
            7690026968670,
            873451485088,
            -240616879363,
            -127856668078,
            -20347422735,
            2231695307,
        ],
        [
            15765399907449,
            27438283325352,
            16408614551393,
            6033132282573,
            1077428041502,
            -91658923981,
            -101375146514,
            -21952923090,
            467988524,
        ],
        [
            4086236720739,
            7690026968670,
            6033132282573,
            3236244827444,
            983047522430,
            78812796077,
            -54799450792,
            -20879421381,
            -1670350593,
        ],
        [
            386403999992,
            873451485088,
            1077428041503,
            983047522430,
            526119688980,
            135530727542,
            -3865928634,
            -12925551558,
            -3045722523,
        ],
        [
            -151037641218,
            -240616879363,
            -91658923981,
            78812796077,
            135530727542,
            77951990079,
            17228216680,
            -2415669077,
            -2276912434,
        ],
        [
            -68284853954,
            -127856668078,
            -101375146514,
            -54799450792,
            -3865928634,
            17228216680,
            10999244066,
            2197994793,
            -548086776,
        ],
        [
            -9472391168,
            -20347422735,
            -21952923090,
            -20879421381,
            -12925551558,
            -2415669077,
            2197994793,
            1551833166,
            251688523,
        ],
        [
            1441467041,
            2231695307,
            467988524,
            -1670350593,
            -3045722523,
            -2276912434,
            -548086776,
            251688523,
            202018293,
        ],
    ],
];

/// Fixed correlation for IWM_SPY.
/// ρ = 0.8635323683789009 (max Φ₂ error < 2.5e-05)
pub const RHO_IWM_SPY: i128 = 863532368379;

/// Subdomain Chebyshev coefficients for T(a,b) at ρ = 0.8635.
/// 9 subdomains × 81 coefficients = 729 total.
pub const COEFFS_IWM_SPY: [[[i128; 9]; 9]; 9] = [
    // Sub 0: a∈[-4.000,-1.333], b∈[-4.000,-1.333]
    [
        [
            39734918091387,
            -58037973275496,
            27120733106995,
            -7798424257345,
            648587077522,
            555936903788,
            -282891531736,
            51968633956,
            8586018646,
        ],
        [
            -58037973275496,
            93679524489696,
            -48056361250773,
            14957206247111,
            -1659765343644,
            -920576954340,
            540768488433,
            -111367000797,
            -13200868765,
        ],
        [
            27120733106995,
            -48056361250773,
            30824470874332,
            -12567476368420,
            2412321657557,
            437316456081,
            -445163527254,
            124058683756,
            1052138547,
        ],
        [
            -7798424257345,
            14957206247111,
            -12567476368420,
            7583687033265,
            -2616740717120,
            170238810797,
            269733617560,
            -122761450645,
            14106210782,
        ],
        [
            648587077521,
            -1659765343644,
            2412321657557,
            -2616740717120,
            1676782367144,
            -502705333454,
            -41751727658,
            87373449206,
            -25555706230,
        ],
        [
            555936903788,
            -920576954340,
            437316456081,
            170238810797,
            -502705333453,
            367861435309,
            -96696319494,
            -21970016205,
            23032720658,
        ],
        [
            -282891531736,
            540768488433,
            -445163527254,
            269733617560,
            -41751727658,
            -96696319494,
            81203356175,
            -20271652814,
            -7299027317,
        ],
        [
            51968633956,
            -111367000797,
            124058683756,
            -122761450645,
            87373449206,
            -21970016205,
            -20271652814,
            19071785820,
            -3707338197,
        ],
        [
            8586018646,
            -13200868765,
            1052138547,
            14106210782,
            -25555706230,
            23032720658,
            -7299027317,
            -3707338197,
            4093741868,
        ],
    ],
    // Sub 1: a∈[-4.000,-1.333], b∈[-1.333,1.333]
    [
        [
            803980409177,
            -793079161029,
            291850069180,
            -82720351671,
            17697077700,
            -2835927505,
            502870932,
            -193718253,
            81802293,
        ],
        [
            255797186111,
            -184805737942,
            14648770383,
            28049710087,
            -21392173594,
            8960859461,
            -2368611064,
            322619368,
            17301418,
        ],
        [
            2378927059,
            48503348238,
            -56216261685,
            37309908308,
            -16807727298,
            4949826221,
            -616450683,
            -201516612,
            132525443,
        ],
        [
            -17227540038,
            39368193936,
            -29477874427,
            14847719839,
            -4372898467,
            -50062419,
            803917613,
            -438223889,
            121876544,
        ],
        [
            -5827807180,
            11040875752,
            -6179678151,
            1176266378,
            1285256818,
            -1441309042,
            754918754,
            -221569959,
            10826411,
        ],
        [
            -78895707,
            -133150029,
            1173610683,
            -1772719220,
            1477484592,
            -762484732,
            202529627,
            18120971,
            -48232017,
        ],
        [
            606264954,
            -1202237295,
            1156325924,
            -877623827,
            435432738,
            -76136621,
            -74607997,
            71773610,
            -31897159,
        ],
        [
            191011728, -348470869, 252125337, -98823788, -39426247, 95154612, -74034456, 31836930,
            -4360499,
        ],
        [
            -10351073, 29175982, -50064682, 71019918, -71382629, 47742012, -17156935, -373752,
            5312691,
        ],
    ],
    // Sub 2: a∈[-4.000,-1.333], b∈[1.333,4.000]
    [
        [
            154528544678,
            -65168602464,
            12738344149,
            -2336377523,
            405614386,
            -67087458,
            10626138,
            -1607927,
            236101,
        ],
        [
            65168602467,
            -27483242540,
            5372073592,
            -985302050,
            171052129,
            -28288524,
            4478763,
            -676710,
            98798,
        ],
        [
            12738344141,
            -5372073602,
            1050057944,
            -192587882,
            33430064,
            -5526005,
            873211,
            -131053,
            18637,
        ],
        [
            2336377537, -985302029, 192587893, -35317707, 6127423, -1010730, 158361, -23059, 2882,
        ],
        [
            405614368, -171052159, 33430045, -6127431, 1060715, -173391, 26163, -3286, 109,
        ],
        [
            67087478, -28288490, 5526028, -1010717, 173396, -27277, 3444, -68, -238,
        ],
        [
            10626122, -4478792, 873192, -158372, 26159, -3446, -7, 282, -194,
        ],
        [1607937, -676693, 131066, -23052, 3289, -66, -282, 192, -107],
        [236099, -98801, 18636, -2883, 109, 238, -194, 107, -56],
    ],
    // Sub 3: a∈[-1.333,1.333], b∈[-4.000,-1.333]
    [
        [
            803980409177,
            255797186111,
            2378927059,
            -17227540038,
            -5827807180,
            -78895707,
            606264954,
            191011728,
            -10351073,
        ],
        [
            -793079161029,
            -184805737942,
            48503348238,
            39368193936,
            11040875752,
            -133150029,
            -1202237295,
            -348470869,
            29175982,
        ],
        [
            291850069180,
            14648770383,
            -56216261685,
            -29477874427,
            -6179678151,
            1173610683,
            1156325924,
            252125337,
            -50064682,
        ],
        [
            -82720351671,
            28049710087,
            37309908308,
            14847719839,
            1176266378,
            -1772719220,
            -877623827,
            -98823788,
            71019918,
        ],
        [
            17697077700,
            -21392173594,
            -16807727298,
            -4372898467,
            1285256818,
            1477484592,
            435432738,
            -39426247,
            -71382629,
        ],
        [
            -2835927505,
            8960859461,
            4949826221,
            -50062419,
            -1441309042,
            -762484732,
            -76136621,
            95154612,
            47742012,
        ],
        [
            502870932,
            -2368611064,
            -616450683,
            803917613,
            754918754,
            202529627,
            -74607997,
            -74034456,
            -17156935,
        ],
        [
            -193718253, 322619369, -201516612, -438223889, -221569959, 18120971, 71773610,
            31836930, -373752,
        ],
        [
            81802293, 17301418, 132525443, 121876544, 10826411, -48232017, -31897159, -4360499,
            5312691,
        ],
    ],
    // Sub 4: a∈[-1.333,1.333], b∈[-1.333,1.333]
    [
        [
            1020179069785,
            0,
            30792420248,
            0,
            -11782518922,
            0,
            548963722,
            0,
            48966939,
        ],
        [
            0,
            925060898974,
            0,
            -40986552720,
            0,
            -4137210865,
            0,
            668391135,
            0,
        ],
        [
            30792420248,
            0,
            207822065035,
            0,
            -21892089983,
            0,
            243064150,
            0,
            157478167,
        ],
        [
            0,
            -40986552720,
            0,
            52411429078,
            0,
            -7934845507,
            0,
            476208913,
            0,
        ],
        [
            -11782518922,
            0,
            -21892089983,
            0,
            14153669938,
            0,
            -2500614430,
            0,
            227261784,
        ],
        [
            0,
            -4137210865,
            0,
            -7934845507,
            0,
            3819442067,
            0,
            -737088255,
            0,
        ],
        [
            548963722,
            0,
            243064150,
            0,
            -2500614430,
            0,
            1002839813,
            0,
            -196662865,
        ],
        [0, 668391135, 0, 476208913, 0, -737088255, 0, 281030459, 0],
        [
            48966939, 0, 157478167, 0, 227261784, 0, -196662865, 0, 65796753,
        ],
    ],
    // Sub 5: a∈[-1.333,1.333], b∈[1.333,4.000]
    [
        [
            803980409177,
            -255797186110,
            2378927059,
            17227540039,
            -5827807180,
            78895707,
            606264954,
            -191011728,
            -10351073,
        ],
        [
            793079161029,
            -184805737943,
            -48503348238,
            39368193936,
            -11040875752,
            -133150029,
            1202237295,
            -348470869,
            -29175982,
        ],
        [
            291850069180,
            -14648770383,
            -56216261685,
            29477874427,
            -6179678151,
            -1173610683,
            1156325924,
            -252125337,
            -50064682,
        ],
        [
            82720351671,
            28049710087,
            -37309908307,
            14847719839,
            -1176266378,
            -1772719220,
            877623827,
            -98823788,
            -71019918,
        ],
        [
            17697077700,
            21392173595,
            -16807727298,
            4372898467,
            1285256818,
            -1477484592,
            435432738,
            39426247,
            -71382629,
        ],
        [
            2835927505,
            8960859461,
            -4949826220,
            -50062419,
            1441309042,
            -762484732,
            76136621,
            95154612,
            -47742012,
        ],
        [
            502870932, 2368611064, -616450683, -803917613, 754918754, -202529627, -74607997,
            74034456, -17156935,
        ],
        [
            193718253, 322619369, 201516612, -438223889, 221569959, 18120971, -71773610, 31836930,
            373752,
        ],
        [
            81802293, -17301418, 132525443, -121876544, 10826411, 48232017, -31897159, 4360499,
            5312691,
        ],
    ],
    // Sub 6: a∈[1.333,4.000], b∈[-4.000,-1.333]
    [
        [
            154528544681,
            65168602461,
            12738344145,
            2336377534,
            405614369,
            67087477,
            10626122,
            1607937,
            236099,
        ],
        [
            -65168602455,
            -27483242556,
            -5372073592,
            -985302035,
            -171052155,
            -28288492,
            -4478791,
            -676693,
            -98801,
        ],
        [
            12738344161,
            5372073571,
            1050057959,
            192587884,
            33430049,
            5526026,
            873193,
            131065,
            18636,
        ],
        [
            -2336377508,
            -985302078,
            -192587862,
            -35317719,
            -6127425,
            -1010720,
            -158371,
            -23052,
            -2883,
        ],
        [
            405614404, 171052095, 33430088, 6127409, 1060723, 173392, 26160, 3289, 109,
        ],
        [
            -67087438, -28288559, -5525980, -1010745, -173383, -27281, -3444, -67, 238,
        ],
        [
            10626154, 4478735, 873232, 158349, 26170, 3442, -6, -282, -194,
        ],
        [
            -1607917, -676728, -131041, -23066, -3282, -69, 283, 191, 107,
        ],
        [236103, 98795, 18639, 2881, 110, -238, -194, -107, -56],
    ],
    // Sub 7: a∈[1.333,4.000], b∈[-1.333,1.333]
    [
        [
            803980409177,
            793079161029,
            291850069180,
            82720351671,
            17697077700,
            2835927505,
            502870932,
            193718253,
            81802293,
        ],
        [
            -255797186110,
            -184805737943,
            -14648770383,
            28049710087,
            21392173595,
            8960859461,
            2368611064,
            322619369,
            -17301418,
        ],
        [
            2378927059,
            -48503348238,
            -56216261685,
            -37309908307,
            -16807727298,
            -4949826220,
            -616450683,
            201516612,
            132525443,
        ],
        [
            17227540039,
            39368193936,
            29477874427,
            14847719839,
            4372898467,
            -50062419,
            -803917613,
            -438223889,
            -121876544,
        ],
        [
            -5827807180,
            -11040875752,
            -6179678151,
            -1176266378,
            1285256818,
            1441309042,
            754918754,
            221569959,
            10826411,
        ],
        [
            78895707,
            -133150029,
            -1173610683,
            -1772719220,
            -1477484592,
            -762484732,
            -202529627,
            18120971,
            48232017,
        ],
        [
            606264954, 1202237295, 1156325924, 877623827, 435432738, 76136621, -74607997,
            -71773610, -31897159,
        ],
        [
            -191011728, -348470869, -252125337, -98823788, 39426247, 95154612, 74034456, 31836930,
            4360499,
        ],
        [
            -10351073, -29175982, -50064682, -71019918, -71382629, -47742012, -17156935, 373752,
            5312691,
        ],
    ],
    // Sub 8: a∈[1.333,4.000], b∈[1.333,4.000]
    [
        [
            39734918091414,
            58037973275553,
            27120733107058,
            7798424257415,
            648587077593,
            -555936903725,
            -282891531685,
            -51968633923,
            8586018669,
        ],
        [
            58037973275553,
            93679524489817,
            48056361250906,
            14957206247255,
            1659765343791,
            -920576954212,
            -540768488328,
            -111367000728,
            13200868813,
        ],
        [
            27120733107058,
            48056361250906,
            30824470874477,
            12567476368575,
            2412321657711,
            -437316455947,
            -445163527145,
            -124058683683,
            1052138601,
        ],
        [
            7798424257415,
            14957206247255,
            12567476368575,
            7583687033425,
            2616740717276,
            170238810930,
            -269733617451,
            -122761450574,
            -14106210726,
        ],
        [
            648587077593,
            1659765343791,
            2412321657712,
            2616740717276,
            1676782367294,
            502705333577,
            -41751727559,
            -87373449142,
            -25555706179,
        ],
        [
            -555936903725,
            -920576954212,
            -437316455947,
            170238810930,
            502705333577,
            367861435409,
            96696319572,
            -21970016155,
            -23032720619,
        ],
        [
            -282891531685,
            -540768488328,
            -445163527145,
            -269733617451,
            -41751727559,
            96696319572,
            81203356232,
            20271652848,
            -7299027292,
        ],
        [
            -51968633923,
            -111367000728,
            -124058683683,
            -122761450574,
            -87373449142,
            -21970016155,
            20271652848,
            19071785838,
            3707338209,
        ],
        [
            8586018669,
            13200868813,
            1052138601,
            -14106210726,
            -25555706179,
            -23032720619,
            -7299027293,
            3707338209,
            4093741874,
        ],
    ],
];

/// Fixed correlation for QQQ_SPY.
/// ρ = 0.8989418379506557 (max Φ₂ error < 7.9e-05)
pub const RHO_QQQ_SPY: i128 = 898941837951;

/// Subdomain Chebyshev coefficients for T(a,b) at ρ = 0.8989.
/// 9 subdomains × 81 coefficients = 729 total.
pub const COEFFS_QQQ_SPY: [[[i128; 9]; 9]; 9] = [
    // Sub 0: a∈[-4.000,-1.333], b∈[-4.000,-1.333]
    [
        [
            46739969410999,
            -69824171056913,
            34013008735576,
            -10303762390735,
            848535650940,
            933466033070,
            -532693380722,
            123145312127,
            13034422877,
        ],
        [
            -69824171056913,
            114178538676050,
            -60741273856778,
            19943384591298,
            -2289199013675,
            -1559044401698,
            1021658153269,
            -259385023292,
            -16730698533,
        ],
        [
            34013008735576,
            -60741273856778,
            40179880468591,
            -17245857230074,
            3525057614537,
            752952866555,
            -847318225239,
            284702180960,
            -11034608575,
        ],
        [
            -10303762390735,
            19943384591298,
            -17245857230074,
            10979025117825,
            -4068496916394,
            281854270163,
            521369052425,
            -277599255741,
            46434219283,
        ],
        [
            848535650940,
            -2289199013675,
            3525057614537,
            -4068496916394,
            2821591939806,
            -928637695316,
            -83224742280,
            200691267243,
            -71928989427,
        ],
        [
            933466033070,
            -1559044401698,
            752952866555,
            281854270163,
            -928637695316,
            749473127964,
            -220572278992,
            -51510203147,
            65596710064,
        ],
        [
            -532693380722,
            1021658153269,
            -847318225239,
            521369052425,
            -83224742280,
            -220572278992,
            204622768354,
            -59198646512,
            -21902405535,
        ],
        [
            123145312127,
            -259385023292,
            284702180960,
            -277599255741,
            200691267243,
            -51510203147,
            -59198646512,
            61368356853,
            -13562543747,
        ],
        [
            13034422877,
            -16730698534,
            -11034608575,
            46434219283,
            -71928989427,
            65596710064,
            -21902405535,
            -13562543748,
            16802721908,
        ],
    ],
    // Sub 1: a∈[-4.000,-1.333], b∈[-1.333,1.333]
    [
        [
            789410988378,
            -791444642856,
            299286969215,
            -87890167844,
            19093301835,
            -2577676480,
            150353509,
            -86636620,
            98083208,
        ],
        [
            272724069289,
            -223803536403,
            42576948624,
            15501237226,
            -18821078376,
            9749134319,
            -3150198805,
            542207488,
            50466055,
        ],
        [
            14351634330,
            26941920766,
            -44262832052,
            34677281257,
            -18614775843,
            7033667640,
            -1578090163,
            -16748057,
            186977486,
        ],
        [
            -15647447469,
            37595292217,
            -31167409937,
            18753420006,
            -7941627935,
            1858440818,
            285459230,
            -478818686,
            233388466,
        ],
        [
            -7992890216,
            15523993579,
            -10729621893,
            4861213041,
            -767883076,
            -853832518,
            889187761,
            -447877931,
            126672370,
        ],
        [
            -1450750159,
            2439245105,
            -835724277,
            -695200771,
            1318013574,
            -1096844092,
            565416283,
            -171865365,
            -2701632,
        ],
        [
            456131685,
            -992661064,
            1190271473,
            -1195343356,
            894046152,
            -461550135,
            119611335,
            25713429,
            -51610169,
        ],
        [
