//! Fast bivariate normal CDF: const Φ₂ table with i64 Catmull-Rom bicubic.
//!
//! Tables Φ₂(a,b;ρ) directly at SCALE_6 (10^6) as i32. The entire evaluation
//! — index computation, 16 lookups, 5 Catmull-Rom cubics — runs in pure i64.
//! No norm_cdf, no i128, no fp_mul_i.
//!
//! Generated by `scripts/gen_bvn_phi2_table.py` — do not edit manually.

use crate::error::SolMathError;
use crate::SCALE_I;

const N: usize = 64;
const S6: i64 = 1000000;
/// SCALE / S6, for upshifting the result.
const SHIFT: i64 = 1000000;
pub(crate) const DOMAIN_MIN_I64: i64 = -4000000000000;
pub(crate) const DOMAIN_MAX_I64: i64 = 4000000000000;
pub(crate) const RANGE_I64: i64 = 8000000000000;
pub(crate) const N_MINUS_1: i64 = 63;

/// Φ₂(a,b) table for IWM_QQQ, ρ = 0.7763
pub const PHI2_IWM_QQQ: [[i32; 64]; 64] = [
    [
        4, 6, 7, 10, 12, 14, 17, 19, 21, 23, 25, 27, 28, 29, 30, 31, 31, 31, 31, 32, 32, 32, 32,
        32, 32, 32, 32, 32, 32, 32, 32, 32, 32, 32, 32, 32, 32, 32, 32, 32, 32, 32, 32, 32, 32, 32,
        32, 32, 32, 32, 32, 32, 32, 32, 32, 32, 32, 32, 32, 32, 32, 32, 32, 32,
    ],
    [
        6, 8, 10, 14, 17, 21, 25, 29, 33, 37, 41, 44, 46, 48, 50, 51, 52, 53, 53, 53, 54, 54, 54,
        54, 54, 54, 54, 54, 54, 54, 54, 54, 54, 54, 54, 54, 54, 54, 54, 54, 54, 54, 54, 54, 54, 54,
        54, 54, 54, 54, 54, 54, 54, 54, 54, 54, 54, 54, 54, 54, 54, 54, 54, 54,
    ],
    [
        7, 10, 14, 19, 24, 30, 37, 44, 51, 57, 64, 69, 74, 78, 82, 84, 86, 87, 88, 89, 89, 90, 90,
        90, 90, 90, 90, 90, 90, 90, 90, 90, 90, 90, 90, 90, 90, 90, 90, 90, 90, 90, 90, 90, 90, 90,
        90, 90, 90, 90, 90, 90, 90, 90, 90, 90, 90, 90, 90, 90, 90, 90, 90, 90,
    ],
    [
        10, 14, 19, 25, 33, 42, 53, 64, 75, 86, 97, 107, 116, 124, 131, 136, 139, 142, 144, 146,
        147, 147, 147, 148, 148, 148, 148, 148, 148, 148, 148, 148, 148, 148, 148, 148, 148, 148,
        148, 148, 148, 148, 148, 148, 148, 148, 148, 148, 148, 148, 148, 148, 148, 148, 148, 148,
        148, 148, 148, 148, 148, 148, 148, 148,
    ],
    [
        12, 17, 24, 33, 44, 58, 73, 90, 108, 126, 145, 162, 178, 192, 204, 214, 222, 227, 232, 235,
        237, 238, 239, 239, 239, 239, 240, 240, 240, 240, 240, 240, 240, 240, 240, 240, 240, 240,
        240, 240, 240, 240, 240, 240, 240, 240, 240, 240, 240, 240, 240, 240, 240, 240, 240, 240,
        240, 240, 240, 240, 240, 240, 240, 240,
    ],
    [
        14, 21, 30, 42, 58, 77, 99, 124, 151, 180, 210, 239, 266, 290, 312, 330, 345, 356, 365,
        371, 375, 378, 380, 381, 382, 382, 382, 383, 383, 383, 383, 383, 383, 383, 383, 383, 383,
        383, 383, 383, 383, 383, 383, 383, 383, 383, 383, 383, 383, 383, 383, 383, 383, 383, 383,
        383, 383, 383, 383, 383, 383, 383, 383, 383,
    ],
    [
        17, 25, 37, 53, 73, 99, 130, 166, 206, 250, 296, 342, 387, 429, 466, 499, 526, 547, 564,
        577, 585, 592, 596, 598, 600, 601, 601, 601, 602, 602, 602, 602, 602, 602, 602, 602, 602,
        602, 602, 602, 602, 602, 602, 602, 602, 602, 602, 602, 602, 602, 602, 602, 602, 602, 602,
        602, 602, 602, 602, 602, 602, 602, 602, 602,
    ],
    [
        19, 29, 44, 64, 90, 124, 166, 216, 273, 338, 407, 478, 549, 617, 680, 736, 784, 824, 855,
        879, 897, 910, 918, 924, 927, 929, 931, 931, 932, 932, 932, 932, 932, 932, 932, 932, 932,
        932, 932, 932, 932, 932, 932, 932, 932, 932, 932, 932, 932, 932, 932, 932, 932, 932, 932,
        932, 932, 932, 932, 932, 932, 932, 932, 932,
    ],
    [
        21, 33, 51, 75, 108, 151, 206, 273, 353, 444, 544, 650, 759, 866, 968, 1062, 1144, 1214,
        1271, 1316, 1350, 1374, 1392, 1403, 1411, 1416, 1418, 1420, 1421, 1421, 1422, 1422, 1422,
        1422, 1422, 1422, 1422, 1422, 1422, 1422, 1422, 1422, 1422, 1422, 1422, 1422, 1422, 1422,
        1422, 1422, 1422, 1422, 1422, 1422, 1422, 1422, 1422, 1422, 1422, 1422, 1422, 1422, 1422,
        1422,
    ],
    [
        23, 37, 57, 86, 126, 180, 250, 338, 444, 568, 708, 862, 1023, 1186, 1345, 1495, 1631, 1749,
        1849, 1930, 1993, 2040, 2074, 2097, 2113, 2123, 2129, 2133, 2135, 2136, 2137, 2137, 2137,
        2137, 2137, 2137, 2137, 2137, 2137, 2137, 2137, 2137, 2137, 2137, 2137, 2137, 2137, 2137,
        2137, 2137, 2137, 2137, 2137, 2137, 2137, 2137, 2137, 2137, 2137, 2137, 2137, 2137, 2137,
        2137,
    ],
    [
        25, 41, 64, 97, 145, 210, 296, 407, 544, 708, 899, 1113, 1343, 1582, 1822, 2055, 2271,
        2465, 2633, 2773, 2885, 2971, 3036, 3081, 3113, 3134, 3147, 3155, 3160, 3162, 3164, 3164,
        3165, 3165, 3165, 3165, 3165, 3165, 3165, 3165, 3165, 3165, 3165, 3165, 3165, 3165, 3165,
        3165, 3165, 3165, 3165, 3165, 3165, 3165, 3165, 3165, 3165, 3165, 3165, 3165, 3165, 3165,
        3165, 3165,
    ],
    [
        27, 44, 69, 107, 162, 239, 342, 478, 650, 862, 1113, 1400, 1718, 2058, 2408, 2756, 3088,
        3395, 3668, 3902, 4094, 4247, 4363, 4449, 4510, 4551, 4578, 4595, 4605, 4611, 4615, 4616,
        4617, 4618, 4618, 4618, 4618, 4618, 4618, 4618, 4618, 4618, 4618, 4618, 4618, 4618, 4618,
        4618, 4618, 4618, 4618, 4618, 4618, 4618, 4618, 4618, 4618, 4618, 4618, 4618, 4618, 4618,
        4618, 4618,
    ],
    [
        28, 46, 74, 116, 178, 266, 387, 549, 759, 1023, 1343, 1718, 2144, 2611, 3104, 3606, 4100,
        4568, 4996, 5372, 5691, 5951, 6156, 6310, 6423, 6502, 6555, 6589, 6611, 6624, 6631, 6635,
        6637, 6639, 6639, 6639, 6640, 6640, 6640, 6640, 6640, 6640, 6640, 6640, 6640, 6640, 6640,
        6640, 6640, 6640, 6640, 6640, 6640, 6640, 6640, 6640, 6640, 6640, 6640, 6640, 6640, 6640,
        6640, 6640,
    ],
    [
        29, 48, 78, 124, 192, 290, 429, 617, 866, 1186, 1582, 2058, 2611, 3231, 3902, 4605, 5313,
        6003, 6650, 7235, 7745, 8172, 8518, 8787, 8988, 9134, 9234, 9302, 9345, 9372, 9388, 9397,
        9402, 9404, 9406, 9406, 9406, 9407, 9407, 9407, 9407, 9407, 9407, 9407, 9407, 9407, 9407,
        9407, 9407, 9407, 9407, 9407, 9407, 9407, 9407, 9407, 9407, 9407, 9407, 9407, 9407, 9407,
        9407, 9407,
    ],
    [
        30, 50, 82, 131, 204, 312, 466, 680, 968, 1345, 1822, 2408, 3104, 3902, 4789, 5739, 6722,
        7704, 8650, 9528, 10314, 10992, 11556, 12007, 12354, 12612, 12796, 12923, 13006, 13060,
        13092, 13111, 13122, 13128, 13131, 13133, 13134, 13134, 13134, 13134, 13134, 13134, 13134,
        13134, 13134, 13134, 13134, 13134, 13134, 13134, 13134, 13134, 13134, 13134, 13134, 13134,
        13134, 13134, 13134, 13134, 13134, 13134, 13134, 13134,
    ],
    [
        31, 51, 84, 136, 214, 330, 499, 736, 1062, 1495, 2055, 2756, 3606, 4605, 5739, 6984, 8304,
        9657, 10993, 12267, 13438, 14476, 15363, 16092, 16670, 17111, 17435, 17664, 17820, 17922,
        17987, 18026, 18048, 18061, 18068, 18072, 18073, 18074, 18075, 18075, 18075, 18075, 18075,
        18075, 18075, 18075, 18075, 18075, 18075, 18075, 18075, 18075, 18075, 18075, 18075, 18075,
        18075, 18075, 18075, 18075, 18075, 18075, 18075, 18075,
    ],
    [
        31, 52, 86, 139, 222, 345, 526, 784, 1144, 1631, 2271, 3088, 4100, 5313, 6722, 8304, 10023,
        11826, 13653, 15440, 17126, 18660, 20007, 21145, 22072, 22799, 23349, 23749, 24029, 24218,
        24340, 24417, 24463, 24489, 24504, 24512, 24516, 24518, 24519, 24519, 24519, 24519, 24519,
        24519, 24519, 24519, 24519, 24519, 24519, 24519, 24519, 24519, 24519, 24519, 24519, 24519,
        24519, 24519, 24519, 24519, 24519, 24519, 24519, 24519,
    ],
    [
        31, 53, 87, 142, 227, 356, 547, 824, 1214, 1749, 2465, 3395, 4568, 6003, 7704, 9657, 11826,
        14156, 16575, 19000, 21348, 23540, 25514, 27229, 28664, 29822, 30722, 31395, 31880, 32216,
        32440, 32584, 32674, 32727, 32757, 32774, 32782, 32787, 32789, 32790, 32791, 32791, 32791,
        32791, 32791, 32791, 32791, 32791, 32791, 32791, 32791, 32791, 32791, 32791, 32791, 32791,
        32791, 32791, 32791, 32791, 32791, 32791, 32791, 32791,
    ],
    [
        31, 53, 88, 144, 232, 365, 564, 855, 1271, 1849, 2633, 3668, 4996, 6650, 8650, 10993,
        13653, 16575, 19680, 22868, 26031, 29060, 31860, 34356, 36501, 38280, 39700, 40792, 41601,
        42179, 42575, 42837, 43004, 43106, 43166, 43201, 43219, 43229, 43234, 43236, 43237, 43238,
        43238, 43238, 43238, 43238, 43238, 43238, 43238, 43238, 43238, 43238, 43238, 43238, 43238,
        43238, 43238, 43238, 43238, 43238, 43238, 43238, 43238, 43238,
    ],
    [
        32, 53, 89, 146, 235, 371, 577, 879, 1316, 1930, 2773, 3902, 5372, 7235, 9528, 12267,
        15440, 19000, 22868, 26932, 31061, 35113, 38953, 42466, 45566, 48203, 50367, 52078, 53381,
        54337, 55012, 55472, 55772, 55962, 56077, 56144, 56181, 56202, 56212, 56218, 56220, 56221,
        56222, 56222, 56222, 56222, 56222, 56222, 56222, 56222, 56222, 56222, 56222, 56222, 56222,
        56222, 56222, 56222, 56222, 56222, 56222, 56222, 56222, 56222,
    ],
    [
        32, 54, 89, 147, 237, 375, 585, 897, 1350, 1993, 2885, 4094, 5691, 7745, 10314, 13438,
        17126, 21348, 26031, 31061, 36289, 41542, 46642, 51425, 55755, 59536, 62721, 65308, 67332,
        68859, 69968, 70744, 71266, 71605, 71817, 71944, 72017, 72058, 72080, 72091, 72097, 72099,
        72101, 72101, 72101, 72101, 72101, 72101, 72101, 72101, 72101, 72101, 72101, 72101, 72101,
        72101, 72101, 72101, 72101, 72101, 72101, 72101, 72101, 72101,
    ],
    [
        32, 54, 90, 147, 238, 378, 592, 910, 1374, 2040, 2971, 4247, 5951, 8172, 10992, 14476,
        18660, 23540, 29060, 35113, 41542, 48149, 54716, 61023, 66876, 72118, 76650, 80428, 83465,
        85818, 87575, 88839, 89715, 90299, 90674, 90906, 91044, 91122, 91166, 91189, 91201, 91206,
        91209, 91210, 91211, 91211, 91211, 91211, 91211, 91211, 91211, 91211, 91211, 91211, 91211,
        91211, 91211, 91211, 91211, 91211, 91211, 91211, 91211, 91211,
    ],
    [
        32, 54, 90, 147, 239, 380, 596, 918, 1392, 2074, 3036, 4363, 6156, 8518, 11556, 15363,
        20007, 25514, 31860, 38953, 46642, 54716, 62920, 70986, 78650, 85686, 91922, 97256, 101659,
        105162, 107849, 109836, 111250, 112221, 112862, 113270, 113519, 113666, 113749, 113795,
        113819, 113831, 113837, 113839, 113841, 113841, 113841, 113841, 113841, 113841, 113841,
        113841, 113841, 113841, 113841, 113841, 113841, 113841, 113841, 113841, 113841, 113841,
        113841, 113841,
    ],
    [
        32, 54, 90, 148, 239, 381, 598, 924, 1403, 2097, 3081, 4449, 6310, 8787, 12007, 16092,
        21145, 27229, 34356, 42466, 51425, 61023, 70986, 80998, 90731, 99881, 108190, 115478,
        121648, 126687, 130656, 133670, 135876, 137432, 138488, 139179, 139615, 139878, 140032,
        140119, 140166, 140190, 140202, 140208, 140210, 140212, 140212, 140212, 140212, 140212,
        140212, 140213, 140213, 140213, 140213, 140213, 140213, 140213, 140213, 140213, 140213,
        140213, 140213, 140213,
    ],
    [
        32, 54, 90, 148, 239, 382, 600, 927, 1411, 2113, 3113, 4510, 6423, 8988, 12354, 16670,
        22072, 28664, 36501, 45566, 55755, 66876, 78650, 90731, 102736, 114278, 125009, 134651,
        143018, 150028, 155694, 160112, 163433, 165840, 167520, 168650, 169381, 169838, 170112,
        170270, 170358, 170405, 170430, 170442, 170447, 170450, 170451, 170452, 170452, 170452,
        170452, 170452, 170452, 170452, 170452, 170452, 170452, 170452, 170452, 170452, 170452,
        170452, 170452, 170452,
    ],
    [
        32, 54, 90, 148, 239, 382, 601, 929, 1416, 2123, 3134, 4551, 6502, 9134, 12612, 17111,
        22799, 29822, 38280, 48203, 59536, 72118, 85686, 99881, 114278, 128422, 141870, 154236,
        165228, 174667, 182491, 188750, 193580, 197175, 199753, 201536, 202722, 203484, 203954,
        204233, 204393, 204481, 204528, 204552, 204563, 204569, 204571, 204572, 204573, 204573,
        204573, 204573, 204573, 204573, 204573, 204573, 204573, 204573, 204573, 204573, 204573,
        204573, 204573, 204573,
    ],
    [
        32, 54, 90, 148, 240, 382, 601, 931, 1418, 2129, 3147, 4578, 6555, 9234, 12796, 17435,
        23349, 30722, 39700, 50367, 62721, 76650, 91922, 108190, 125009, 141870, 158245, 173641,
        187644, 199956, 210415, 218994, 225787, 230975, 234797, 237511, 239368, 240592, 241370,
        241846, 242126, 242284, 242371, 242416, 242439, 242450, 242456, 242458, 242459, 242459,
        242459, 242460, 242460, 242460, 242460, 242460, 242460, 242460, 242460, 242460, 242460,
        242460, 242460, 242460,
    ],
    [
        32, 54, 90, 148, 240, 383, 601, 931, 1420, 2133, 3155, 4595, 6589, 9302, 12923, 17664,
        23749, 31395, 40792, 52078, 65308, 80428, 97256, 115478, 134651, 154236, 173641, 192271,
        209591, 225170, 238719, 250106, 259349, 266590, 272065, 276056, 278862, 280763, 282004,
        282784, 283257, 283532, 283687, 283770, 283814, 283836, 283846, 283851, 283853, 283854,
        283854, 283854, 283855, 283855, 283855, 283855, 283855, 283855, 283855, 283855, 283855,
        283855, 283855, 283855,
    ],
    [
        32, 54, 90, 148, 240, 383, 602, 932, 1421, 2135, 3160, 4605, 6611, 9345, 13006, 17820,
        24029, 31880, 41601, 53381, 67332, 83465, 101659, 121648, 143018, 165228, 187644, 209591,
        230420, 249566, 266596, 281246, 293427, 303209, 310793, 316467, 320562, 323412, 325323,
        326558, 327328, 327789, 328055, 328203, 328282, 328323, 328343, 328353, 328357, 328359,
        328360, 328360, 328361, 328361, 328361, 328361, 328361, 328361, 328361, 328361, 328361,
        328361, 328361, 328361,
    ],
    [
        32, 54, 90, 148, 240, 383, 602, 932, 1421, 2136, 3162, 4611, 6624, 9372, 13060, 17922,
        24218, 32216, 42179, 54337, 68859, 85818, 105162, 126687, 150028, 174667, 199956, 225170,
        249566, 272451, 293247, 311540, 327104, 339905, 350076, 357879, 363657, 367785, 370627,
        372515, 373723, 374468, 374910, 375163, 375302, 375376, 375413, 375432, 375440, 375444,
        375446, 375447, 375447, 375447, 375447, 375447, 375447, 375447, 375447, 375447, 375447,
        375447, 375447, 375447,
    ],
    [
        32, 54, 90, 148, 240, 383, 602, 932, 1422, 2137, 3164, 4615, 6631, 9388, 13092, 17987,
        24340, 32440, 42575, 55012, 69968, 87575, 107849, 130656, 155694, 182491, 210415, 238719,
        266596, 293247, 317956, 340154, 359461, 375708, 388926, 399316, 407204, 412984, 417070,
        419856, 421687, 422847, 423556, 423972, 424208, 424336, 424404, 424438, 424454, 424462,
        424465, 424467, 424468, 424468, 424468, 424468, 424468, 424468, 424468, 424468, 424468,
        424468, 424468, 424468,
    ],
    [
        32, 54, 90, 148, 240, 383, 602, 932, 1422, 2137, 3164, 4616, 6635, 9397, 13111, 18026,
        24417, 32584, 42837, 55472, 70744, 88839, 109836, 133670, 160112, 188750, 218994, 250106,
        281246, 311540, 340154, 366373, 389657, 409681, 426344, 439753, 450182, 458015, 463695,
        467669, 470351, 472096, 473191, 473852, 474237, 474453, 474570, 474631, 474661, 474675,
        474682, 474685, 474686, 474687, 474687, 474687, 474687, 474687, 474687, 474687, 474687,
        474687, 474687, 474687,
    ],
    [
        32, 54, 90, 148, 240, 383, 602, 932, 1422, 2137, 3165, 4617, 6637, 9402, 13122, 18048,
        24463, 32674, 43004, 55772, 71266, 89715, 111250, 135876, 163433, 193580, 225787, 259349,
        293427, 327104, 359461, 389657, 416999, 440999, 461405, 478198, 491564, 501847, 509489,
        514973, 518770, 521307, 522941, 523955, 524562, 524912, 525106, 525210, 525263, 525290,
        525303, 525308, 525311, 525312, 525312, 525313, 525313, 525313, 525313, 525313, 525313,
        525313, 525313, 525313,
    ],
    [
        32, 54, 90, 148, 240, 383, 602, 932, 1422, 2137, 3165, 4618, 6639, 9404, 13128, 18061,
        24489, 32727, 43106, 55962, 71605, 90299, 112221, 137432, 165840, 197175, 230975, 266590,
        303209, 339905, 375708, 409681, 440999, 469020, 493332, 513767, 530397, 543487, 553449,
        560774, 565975, 569540, 571896, 573398, 574322, 574869, 575181, 575353, 575444, 575490,
        575513, 575524, 575528, 575531, 575531, 575532, 575532, 575532, 575532, 575532, 575532,
        575532, 575532, 575532,
    ],
    [
        32, 54, 90, 148, 240, 383, 602, 932, 1422, 2137, 3165, 4618, 6639, 9406, 13131, 18068,
        24504, 32757, 43166, 56077, 71817, 90674, 112862, 138488, 167520, 199753, 234797, 272065,
        310793, 350076, 388926, 426344, 461405, 493332, 521556, 545758, 565868, 582049, 594646,
        604129, 611027, 615873, 619160, 621310, 622667, 623493, 623978, 624251, 624400, 624478,
        624518, 624537, 624546, 624550, 624552, 624552, 624553, 624553, 624553, 624553, 624553,
        624553, 624553, 624553,
    ],
    [
        32, 54, 90, 148, 240, 383, 602, 932, 1422, 2137, 3165, 4618, 6639, 9406, 13133, 18072,
        24512, 32774, 43201, 56144, 71944, 90906, 113270, 139179, 168650, 201536, 237511, 276056,
        316467, 357879, 399316, 439753, 478198, 513767, 545758, 573699, 597376, 616823, 632295,
        644206, 653074, 659457, 663893, 666870, 668798, 670002, 670728, 671149, 671385, 671512,
        671578, 671611, 671626, 671634, 671637, 671638, 671639, 671639, 671639, 671639, 671639,
        671639, 671639, 671639,
    ],
    [
        32, 54, 90, 148, 240, 383, 602, 932, 1422, 2137, 3165, 4618, 6640, 9406, 13134, 18073,
        24516, 32782, 43219, 56181, 72017, 91044, 113519, 139615, 169381, 202722, 239368, 278862,
        320562, 363657, 407204, 450182, 491564, 530397, 565868, 597376, 624562, 647327, 665809,
        680344, 691411, 699560, 705362, 709352, 712001, 713699, 714749, 715375, 715735, 715934,
        716040, 716095, 716122, 716135, 716141, 716144, 716145, 716145, 716145, 716145, 716145,
        716145, 716145, 716145,
    ],
    [
        32, 54, 90, 148, 240, 383, 602, 932, 1422, 2137, 3165, 4618, 6640, 9407, 13134, 18074,
        24518, 32787, 43229, 56202, 72058, 91122, 113666, 139878, 169838, 203484, 240592, 280763,
        323412, 367785, 412984, 458015, 501847, 543487, 582049, 616823, 647327, 673326, 694837,
        712098, 725518, 735621, 742979, 748160, 751685, 754002, 755471, 756370, 756901, 757203,
        757368, 757456, 757500, 757522, 757532, 757537, 757539, 757540, 757540, 757540, 757540,
        757540, 757540, 757540,
    ],
    [
        32, 54, 90, 148, 240, 383, 602, 932, 1422, 2137, 3165, 4618, 6640, 9407, 13134, 18075,
        24519, 32789, 43234, 56212, 72080, 91166, 113749, 140032, 170112, 203954, 241370, 282004,
        325323, 370627, 417070, 463695, 509489, 553449, 594646, 632295, 665809, 694837, 719275,
        739253, 755095, 767271, 776334, 782861, 787408, 790468, 792458, 793707, 794463, 794905,
        795154, 795289, 795360, 795395, 795412, 795421, 795424, 795426, 795426, 795427, 795427,
        795427, 795427, 795427,
    ],
    [
        32, 54, 90, 148, 240, 383, 602, 932, 1422, 2137, 3165, 4618, 6640, 9407, 13134, 18075,
        24519, 32790, 43236, 56218, 72091, 91189, 113795, 140119, 170270, 204233, 241846, 282784,
        326558, 372515, 419856, 467669, 514973, 560774, 604129, 644206, 680344, 712098, 739253,
        761832, 780067, 794357, 805213, 813201, 818891, 822811, 825422, 827101, 828143, 828768,
        829130, 829331, 829440, 829496, 829524, 829537, 829543, 829546, 829547, 829548, 829548,
        829548, 829548, 829548,
    ],
    [
        32, 54, 90, 148, 240, 383, 602, 932, 1422, 2137, 3165, 4618, 6640, 9407, 13134, 18075,
        24519, 32791, 43237, 56220, 72097, 91201, 113819, 140166, 170358, 204393, 242126, 283257,
        327328, 373723, 421687, 470351, 518770, 565975, 611027, 653074, 691411, 725518, 755095,
        780067, 800573, 816932, 829600, 839111, 846031, 850905, 854226, 856413, 857805, 858660,
        859168, 859458, 859618, 859704, 859747, 859769, 859779, 859784, 859786, 859787, 859787,
        859787, 859787, 859787,
    ],
    [
        32, 54, 90, 148, 240, 383, 602, 932, 1422, 2137, 3165, 4618, 6640, 9407, 13134, 18075,
        24519, 32791, 43238, 56221, 72099, 91206, 113831, 140190, 170405, 204481, 242284, 283532,
        327789, 374468, 422847, 472096, 521307, 569540, 615873, 659457, 699560, 735621, 767271,
        794357, 816932, 835237, 849663, 860700, 868890, 874780, 878882, 881646, 883446, 884580,
        885270, 885674, 885904, 886029, 886095, 886128, 886145, 886152, 886156, 886157, 886158,
        886158, 886159, 886159,
    ],
    [
        32, 54, 90, 148, 240, 383, 602, 932, 1422, 2137, 3165, 4618, 6640, 9407, 13134, 18075,
        24519, 32791, 43238, 56222, 72101, 91209, 113837, 140202, 170430, 204528, 242371, 283687,
        328055, 374910, 423556, 473191, 522941, 571896, 619160, 663893, 705362, 742979, 776334,
        805213, 829600, 849663, 865726, 878229, 887680, 894611, 899537, 902930, 905190, 906647,
        907554, 908100, 908417, 908595, 908691, 908741, 908766, 908779, 908784, 908787, 908788,
        908788, 908789, 908789,
    ],
    [
        32, 54, 90, 148, 240, 383, 602, 932, 1422, 2137, 3165, 4618, 6640, 9407, 13134, 18075,
        24519, 32791, 43238, 56222, 72101, 91210, 113839, 140208, 170442, 204552, 242416, 283770,
        328203, 375163, 423972, 473852, 523955, 573398, 621310, 666870, 709352, 748160, 782861,
        813201, 839111, 860700, 878229, 892086, 902737, 910691, 916455, 920505, 923262, 925079,
        926236, 926950, 927374, 927619, 927754, 927826, 927864, 927882, 927891, 927895, 927897,
        927898, 927898, 927899,
    ],
    [
        32, 54, 90, 148, 240, 383, 602, 932, 1422, 2137, 3165, 4618, 6640, 9407, 13134, 18075,
        24519, 32791, 43238, 56222, 72101, 91211, 113841, 140210, 170447, 204563, 242439, 283814,
        328282, 375302, 424208, 474237, 524562, 574322, 622667, 668798, 712001, 751685, 787408,
        818891, 846031, 868890, 887680, 902737, 914488, 923408, 929987, 934698, 937970, 940172,
        941606, 942510, 943061, 943386, 943570, 943672, 943725, 943753, 943766, 943773, 943776,
        943777, 943777, 943778,
    ],
    [
        32, 54, 90, 148, 240, 383, 602, 932, 1422, 2137, 3165, 4618, 6640, 9407, 13134, 18075,
        24519, 32791, 43238, 56222, 72101, 91211, 113841, 140212, 170450, 204569, 242450, 283836,
        328323, 375376, 424336, 474453, 524912, 574869, 623493, 670002, 713699, 754002, 790468,
        822811, 850905, 874780, 894611, 910691, 923408, 933203, 940546, 945895, 949680, 952277,
        954005, 955118, 955812, 956230, 956474, 956611, 956685, 956724, 956744, 956754, 956758,
        956760, 956761, 956762,
    ],
    [
        32, 54, 90, 148, 240, 383, 602, 932, 1422, 2137, 3165, 4618, 6640, 9407, 13134, 18075,
        24519, 32791, 43238, 56222, 72101, 91211, 113841, 140212, 170451, 204571, 242456, 283846,
        328343, 375413, 424404, 474570, 525106, 575181, 623978, 670728, 714749, 755471, 792458,
        825422, 854226, 878882, 899537, 916455, 929987, 940546, 948574, 954515, 958791, 961779,
        963805, 965137, 965986, 966509, 966821, 967001, 967101, 967155, 967183, 967197, 967203,
        967207, 967208, 967209,
    ],
    [
        32, 54, 90, 148, 240, 383, 602, 932, 1422, 2137, 3165, 4618, 6640, 9407, 13134, 18075,
        24519, 32791, 43238, 56222, 72101, 91211, 113841, 140212, 170452, 204572, 242458, 283851,
        328353, 375432, 424438, 474631, 525210, 575353, 624251, 671149, 715375, 756370, 793707,
        827101, 856413, 881646, 902930, 920505, 934698, 945895, 954515, 960984, 965710, 969068,
        971387, 972941, 973951, 974587, 974974, 975203, 975333, 975405, 975443, 975462, 975472,
        975477, 975479, 975480,
    ],
    [
        32, 54, 90, 148, 240, 383, 602, 932, 1422, 2137, 3165, 4618, 6640, 9407, 13134, 18075,
        24519, 32791, 43238, 56222, 72101, 91211, 113841, 140212, 170452, 204573, 242459, 283853,
        328357, 375440, 424454, 474661, 525263, 575444, 624400, 671385, 715735, 756901, 794463,
        828143, 857805, 883446, 905190, 923262, 937970, 949680, 958791, 965710, 970834, 974530,
        977123, 978891, 980062, 980815, 981283, 981565, 981729, 981822, 981873, 981899, 981913,
        981919, 981923, 981924,
    ],
    [
        32, 54, 90, 148, 240, 383, 602, 932, 1422, 2137, 3165, 4618, 6640, 9407, 13134, 18075,
        24519, 32791, 43238, 56222, 72101, 91211, 113841, 140212, 170452, 204573, 242459, 283854,
        328359, 375444, 424462, 474675, 525290, 575490, 624478, 671512, 715934, 757203, 794905,
        828768, 858660, 884580, 906647, 925079, 940172, 952277, 961779, 969068, 974530, 978520,
        981361, 983330, 984656, 985523, 986073, 986412, 986614, 986730, 986795, 986830, 986849,
        986858, 986862, 986864,
    ],
    [
        32, 54, 90, 148, 240, 383, 602, 932, 1422, 2137, 3165, 4618, 6640, 9407, 13134, 18075,
        24519, 32791, 43238, 56222, 72101, 91211, 113841, 140212, 170452, 204573, 242459, 283854,
        328360, 375446, 424465, 474682, 525303, 575513, 624518, 671578, 716040, 757368, 795154,
        829130, 859168, 885270, 907554, 926236, 941606, 954005, 963805, 971387, 977123, 981361,
        984417, 986564, 988033, 989010, 989642, 990038, 990278, 990420, 990501, 990546, 990570,
        990582, 990588, 990591,
    ],
    [
        32, 54, 90, 148, 240, 383, 602, 932, 1422, 2137, 3165, 4618, 6640, 9407, 13134, 18075,
        24519, 32791, 43238, 56222, 72101, 91211, 113841, 140213, 170452, 204573, 242460, 283854,
        328360, 375447, 424467, 474685, 525308, 575524, 624537, 671611, 716095, 757456, 795289,
        829331, 859458, 885674, 908100, 926950, 942510, 955118, 965137, 972941, 978891, 983330,
        986564, 988865, 990460, 991538, 992246, 992697, 992977, 993146, 993244, 993299, 993329,
        993345, 993353, 993357,
    ],
    [
        32, 54, 90, 148, 240, 383, 602, 932, 1422, 2137, 3165, 4618, 6640, 9407, 13134, 18075,
        24519, 32791, 43238, 56222, 72101, 91211, 113841, 140213, 170452, 204573, 242460, 283855,
        328361, 375447, 424468, 474686, 525311, 575528, 624546, 671626, 716122, 757500, 795360,
        829440, 859618, 885904, 908417, 927374, 943061, 955812, 965986, 973951, 980062, 984656,
        988033, 990460, 992164, 993329, 994106, 994610, 994928, 995122, 995238, 995304, 995341,
        995361, 995372, 995377,
    ],
    [
        32, 54, 90, 148, 240, 383, 602, 932, 1422, 2137, 3165, 4618, 6640, 9407, 13134, 18075,
        24519, 32791, 43238, 56222, 72101, 91211, 113841, 140213, 170452, 204573, 242460, 283855,
        328361, 375447, 424468, 474687, 525312, 575531, 624550, 671634, 716135, 757522, 795395,
        829496, 859704, 886029, 908595, 927619, 943386, 956230, 966509, 974587, 980815, 985523,
        989010, 991538, 993329, 994569, 995406, 995957, 996309, 996529, 996662, 996740, 996784,
        996809, 996822, 996828,
    ],
    [
        32, 54, 90, 148, 240, 383, 602, 932, 1422, 2137, 3165, 4618, 6640, 9407, 13134, 18075,
        24519, 32791, 43238, 56222, 72101, 91211, 113841, 140213, 170452, 204573, 242460, 283855,
        328361, 375447, 424468, 474687, 525312, 575531, 624552, 671637, 716141, 757532, 795412,
        829524, 859747, 886095, 908691, 927754, 943570, 956474, 966821, 974974, 981283, 986073,
        989642, 992246, 994106, 995406, 996293, 996884, 997268, 997511, 997660, 997749, 997801,
        997830, 997846, 997854,
    ],
    [
        32, 54, 90, 148, 240, 383, 602, 932, 1422, 2137, 3165, 4618, 6640, 9407, 13134, 18075,
        24519, 32791, 43238, 56222, 72101, 91211, 113841, 140213, 170452, 204573, 242460, 283855,
        328361, 375447, 424468, 474687, 525313, 575532, 624552, 671638, 716144, 757537, 795421,
        829537, 859769, 886128, 908741, 927826, 943672, 956611, 967001, 975203, 981565, 986412,
        990038, 992697, 994610, 995957, 996884, 997509, 997919, 998183, 998347, 998446, 998505,
        998539, 998558, 998568,
    ],
    [
        32, 54, 90, 148, 240, 383, 602, 932, 1422, 2137, 3165, 4618, 6640, 9407, 13134, 18075,
        24519, 32791, 43238, 56222, 72101, 91211, 113841, 140213, 170452, 204573, 242460, 283855,
        328361, 375447, 424468, 474687, 525313, 575532, 624553, 671639, 716145, 757539, 795424,
        829543, 859779, 886145, 908766, 927864, 943725, 956685, 967101, 975333, 981729, 986614,
        990278, 992977, 994928, 996309, 997268, 997919, 998352, 998632, 998809, 998918, 998984,
        999022, 999044, 999055,
    ],
    [
        32, 54, 90, 148, 240, 383, 602, 932, 1422, 2137, 3165, 4618, 6640, 9407, 13134, 18075,
        24519, 32791, 43238, 56222, 72101, 91211, 113841, 140213, 170452, 204573, 242460, 283855,
        328361, 375447, 424468, 474687, 525313, 575532, 624553, 671639, 716145, 757540, 795426,
        829546, 859784, 886152, 908779, 927882, 943753, 956724, 967155, 975405, 981822, 986730,
        990420, 993146, 995122, 996529, 997511, 998183, 998632, 998926, 999114, 999232, 999303,
        999345, 999370, 999383,
    ],
    [
        32, 54, 90, 148, 240, 383, 602, 932, 1422, 2137, 3165, 4618, 6640, 9407, 13134, 18075,
        24519, 32791, 43238, 56222, 72101, 91211, 113841, 140213, 170452, 204573, 242460, 283855,
        328361, 375447, 424468, 474687, 525313, 575532, 624553, 671639, 716145, 757540, 795426,
        829547, 859786, 886156, 908784, 927891, 943766, 956744, 967183, 975443, 981873, 986795,
        990501, 993244, 995238, 996662, 997660, 998347, 998809, 999114, 999311, 999436, 999512,
        999558, 999585, 999600,
    ],
    [
        32, 54, 90, 148, 240, 383, 602, 932, 1422, 2137, 3165, 4618, 6640, 9407, 13134, 18075,
        24519, 32791, 43238, 56222, 72101, 91211, 113841, 140213, 170452, 204573, 242460, 283855,
        328361, 375447, 424468, 474687, 525313, 575532, 624553, 671639, 716145, 757540, 795427,
        829548, 859787, 886157, 908787, 927895, 943773, 956754, 967197, 975462, 981899, 986830,
        990546, 993299, 995304, 996740, 997749, 998446, 998918, 999232, 999436, 999565, 999646,
        999695, 999724, 999740,
    ],
    [
        32, 54, 90, 148, 240, 383, 602, 932, 1422, 2137, 3165, 4618, 6640, 9407, 13134, 18075,
        24519, 32791, 43238, 56222, 72101, 91211, 113841, 140213, 170452, 204573, 242460, 283855,
        328361, 375447, 424468, 474687, 525313, 575532, 624553, 671639, 716145, 757540, 795427,
        829548, 859787, 886158, 908788, 927897, 943776, 956758, 967203, 975472, 981913, 986849,
        990570, 993329, 995341, 996784, 997801, 998505, 998984, 999303, 999512, 999646, 999730,
        999781, 999812, 999830,
    ],
    [
        32, 54, 90, 148, 240, 383, 602, 932, 1422, 2137, 3165, 4618, 6640, 9407, 13134, 18075,
        24519, 32791, 43238, 56222, 72101, 91211, 113841, 140213, 170452, 204573, 242460, 283855,
        328361, 375447, 424468, 474687, 525313, 575532, 624553, 671639, 716145, 757540, 795427,
        829548, 859787, 886158, 908788, 927898, 943777, 956760, 967207, 975477, 981919, 986858,
        990582, 993345, 995361, 996809, 997830, 998539, 999022, 999345, 999558, 999695, 999781,
        999835, 999867, 999886,
    ],
    [
        32, 54, 90, 148, 240, 383, 602, 932, 1422, 2137, 3165, 4618, 6640, 9407, 13134, 18075,
        24519, 32791, 43238, 56222, 72101, 91211, 113841, 140213, 170452, 204573, 242460, 283855,
        328361, 375447, 424468, 474687, 525313, 575532, 624553, 671639, 716145, 757540, 795427,
        829548, 859787, 886159, 908789, 927898, 943777, 956761, 967208, 975479, 981923, 986862,
        990588, 993353, 995372, 996822, 997846, 998558, 999044, 999370, 999585, 999724, 999812,
        999867, 999900, 999920,
    ],
    [
        32, 54, 90, 148, 240, 383, 602, 932, 1422, 2137, 3165, 4618, 6640, 9407, 13134, 18075,
        24519, 32791, 43238, 56222, 72101, 91211, 113841, 140213, 170452, 204573, 242460, 283855,
        328361, 375447, 424468, 474687, 525313, 575532, 624553, 671639, 716145, 757540, 795427,
        829548, 859787, 886159, 908789, 927899, 943778, 956762, 967209, 975480, 981924, 986864,
        990591, 993357, 995377, 996828, 997854, 998568, 999055, 999383, 999600, 999740, 999830,
        999886, 999920, 999941,
    ],
];

/// Φ₂(a,b) table for IWM_SPY, ρ = 0.8635
pub const PHI2_IWM_SPY: [[i32; 64]; 64] = [
    [
        8, 11, 13, 16, 19, 22, 25, 27, 28, 30, 30, 31, 31, 31, 32, 32, 32, 32, 32, 32, 32, 32, 32,
        32, 32, 32, 32, 32, 32, 32, 32, 32, 32, 32, 32, 32, 32, 32, 32, 32, 32, 32, 32, 32, 32, 32,
        32, 32, 32, 32, 32, 32, 32, 32, 32, 32, 32, 32, 32, 32, 32, 32, 32, 32,
    ],
    [
        11, 14, 19, 24, 29, 34, 38, 42, 46, 48, 50, 52, 53, 53, 53, 54, 54, 54, 54, 54, 54, 54, 54,
        54, 54, 54, 54, 54, 54, 54, 54, 54, 54, 54, 54, 54, 54, 54, 54, 54, 54, 54, 54, 54, 54, 54,
        54, 54, 54, 54, 54, 54, 54, 54, 54, 54, 54, 54, 54, 54, 54, 54, 54, 54,
    ],
    [
        13, 19, 25, 33, 41, 49, 58, 65, 72, 77, 82, 85, 87, 88, 89, 89, 90, 90, 90, 90, 90, 90, 90,
        90, 90, 90, 90, 90, 90, 90, 90, 90, 90, 90, 90, 90, 90, 90, 90, 90, 90, 90, 90, 90, 90, 90,
        90, 90, 90, 90, 90, 90, 90, 90, 90, 90, 90, 90, 90, 90, 90, 90, 90, 90,
    ],
    [
        16, 24, 33, 44, 56, 70, 84, 97, 109, 120, 129, 135, 140, 143, 145, 146, 147, 147, 148, 148,
        148, 148, 148, 148, 148, 148, 148, 148, 148, 148, 148, 148, 148, 148, 148, 148, 148, 148,
        148, 148, 148, 148, 148, 148, 148, 148, 148, 148, 148, 148, 148, 148, 148, 148, 148, 148,
        148, 148, 148, 148, 148, 148, 148, 148,
    ],
    [
        19, 29, 41, 56, 75, 95, 118, 140, 161, 181, 197, 210, 221, 228, 233, 236, 238, 239, 239,
        239, 240, 240, 240, 240, 240, 240, 240, 240, 240, 240, 240, 240, 240, 240, 240, 240, 240,
        240, 240, 240, 240, 240, 240, 240, 240, 240, 240, 240, 240, 240, 240, 240, 240, 240, 240,
        240, 240, 240, 240, 240, 240, 240, 240, 240,
    ],
    [
        22, 34, 49, 70, 95, 125, 159, 194, 230, 263, 293, 319, 339, 354, 365, 372, 377, 380, 381,
        382, 382, 382, 383, 383, 383, 383, 383, 383, 383, 383, 383, 383, 383, 383, 383, 383, 383,
        383, 383, 383, 383, 383, 383, 383, 383, 383, 383, 383, 383, 383, 383, 383, 383, 383, 383,
        383, 383, 383, 383, 383, 383, 383, 383, 383,
    ],
    [
        25, 38, 58, 84, 118, 159, 207, 260, 316, 371, 423, 469, 507, 538, 561, 576, 587, 594, 597,
        600, 601, 601, 601, 602, 602, 602, 602, 602, 602, 602, 602, 602, 602, 602, 602, 602, 602,
        602, 602, 602, 602, 602, 602, 602, 602, 602, 602, 602, 602, 602, 602, 602, 602, 602, 602,
        602, 602, 602, 602, 602, 602, 602, 602, 602,
    ],
    [
        27, 42, 65, 97, 140, 194, 260, 336, 419, 505, 590, 669, 738, 795, 840, 873, 896, 911, 921,
        926, 929, 931, 931, 932, 932, 932, 932, 932, 932, 932, 932, 932, 932, 932, 932, 932, 932,
        932, 932, 932, 932, 932, 932, 932, 932, 932, 932, 932, 932, 932, 932, 932, 932, 932, 932,
        932, 932, 932, 932, 932, 932, 932, 932, 932,
    ],
    [
        28, 46, 72, 109, 161, 230, 316, 419, 537, 665, 796, 923, 1041, 1143, 1227, 1292, 1339,
        1372, 1393, 1406, 1414, 1418, 1420, 1421, 1422, 1422, 1422, 1422, 1422, 1422, 1422, 1422,
        1422, 1422, 1422, 1422, 1422, 1422, 1422, 1422, 1422, 1422, 1422, 1422, 1422, 1422, 1422,
        1422, 1422, 1422, 1422, 1422, 1422, 1422, 1422, 1422, 1422, 1422, 1422, 1422, 1422, 1422,
        1422, 1422,
    ],
    [
        30, 48, 77, 120, 181, 263, 371, 505, 665, 845, 1038, 1234, 1422, 1595, 1743, 1863, 1956,
        2023, 2069, 2099, 2116, 2127, 2132, 2135, 2136, 2137, 2137, 2137, 2137, 2137, 2137, 2137,
        2137, 2137, 2137, 2137, 2137, 2137, 2137, 2137, 2137, 2137, 2137, 2137, 2137, 2137, 2137,
        2137, 2137, 2137, 2137, 2137, 2137, 2137, 2137, 2137, 2137, 2137, 2137, 2137, 2137, 2137,
        2137, 2137,
    ],
    [
        30, 50, 82, 129, 197, 293, 423, 590, 796, 1038, 1307, 1594, 1882, 2157, 2405, 2616, 2787,
        2917, 3010, 3073, 3113, 3137, 3151, 3158, 3162, 3164, 3165, 3165, 3165, 3165, 3165, 3165,
        3165, 3165, 3165, 3165, 3165, 3165, 3165, 3165, 3165, 3165, 3165, 3165, 3165, 3165, 3165,
        3165, 3165, 3165, 3165, 3165, 3165, 3165, 3165, 3165, 3165, 3165, 3165, 3165, 3165, 3165,
        3165, 3165,
    ],
    [
        31, 52, 85, 135, 210, 319, 469, 669, 923, 1234, 1594, 1992, 2410, 2827, 3220, 3571, 3868,
        4105, 4284, 4411, 4496, 4550, 4582, 4600, 4610, 4614, 4617, 4618, 4618, 4618, 4618, 4618,
        4618, 4618, 4618, 4618, 4618, 4618, 4618, 4618, 4618, 4618, 4618, 4618, 4618, 4618, 4618,
        4618, 4618, 4618, 4618, 4618, 4618, 4618, 4618, 4618, 4618, 4618, 4618, 4618, 4618, 4618,
        4618, 4618,
    ],
    [
        31, 53, 87, 140, 221, 339, 507, 738, 1041, 1422, 1882, 2410, 2988, 3588, 4180, 4733, 5222,
        5631, 5955, 6197, 6367, 6480, 6551, 6593, 6617, 6629, 6635, 6638, 6639, 6639, 6640, 6640,
        6640, 6640, 6640, 6640, 6640, 6640, 6640, 6640, 6640, 6640, 6640, 6640, 6640, 6640, 6640,
        6640, 6640, 6640, 6640, 6640, 6640, 6640, 6640, 6640, 6640, 6640, 6640, 6640, 6640, 6640,
        6640, 6640,
    ],
    [
        31, 53, 88, 143, 228, 354, 538, 795, 1143, 1595, 2157, 2827, 3588, 4411, 5258, 6084, 6849,
        7519, 8074, 8509, 8831, 9055, 9203, 9295, 9348, 9378, 9393, 9401, 9404, 9406, 9406, 9407,
        9407, 9407, 9407, 9407, 9407, 9407, 9407, 9407, 9407, 9407, 9407, 9407, 9407, 9407, 9407,
        9407, 9407, 9407, 9407, 9407, 9407, 9407, 9407, 9407, 9407, 9407, 9407, 9407, 9407, 9407,
        9407, 9407,
    ],
    [
        32, 53, 89, 145, 233, 365, 561, 840, 1227, 1743, 2405, 3220, 4180, 5258, 6412, 7586, 8721,
        9761, 10662, 11402, 11976, 12397, 12688, 12877, 12994, 13062, 13099, 13118, 13127, 13131,
        13133, 13134, 13134, 13134, 13134, 13134, 13134, 13134, 13134, 13134, 13134, 13134, 13134,
        13134, 13134, 13134, 13134, 13134, 13134, 13134, 13134, 13134, 13134, 13134, 13134, 13134,
        13134, 13134, 13134, 13134, 13134, 13134, 13134, 13134,
    ],
    [
        32, 54, 89, 146, 236, 372, 576, 873, 1292, 1863, 2616, 3571, 4733, 6084, 7586, 9177, 10779,
        12311, 13700, 14893, 15862, 16607, 17148, 17518, 17757, 17903, 17987, 18032, 18055, 18066,
        18071, 18074, 18074, 18075, 18075, 18075, 18075, 18075, 18075, 18075, 18075, 18075, 18075,
        18075, 18075, 18075, 18075, 18075, 18075, 18075, 18075, 18075, 18075, 18075, 18075, 18075,
        18075, 18075, 18075, 18075, 18075, 18075, 18075, 18075,
    ],
    [
        32, 54, 90, 147, 238, 377, 587, 896, 1339, 1956, 2787, 3868, 5222, 6849, 8721, 10779,
        12934, 15082, 17114, 18939, 20491, 21739, 22690, 23373, 23836, 24133, 24312, 24414, 24469,
        24496, 24509, 24515, 24518, 24519, 24519, 24519, 24519, 24519, 24519, 24519, 24519, 24519,
        24519, 24519, 24519, 24519, 24519, 24519, 24519, 24519, 24519, 24519, 24519, 24519, 24519,
        24519, 24519, 24519, 24519, 24519, 24519, 24519, 24519, 24519,
    ],
    [
        32, 54, 90, 147, 239, 380, 594, 911, 1372, 2023, 2917, 4105, 5631, 7519, 9761, 12311,
        15082, 17953, 20783, 23435, 25792, 27776, 29357, 30548, 31397, 31967, 32329, 32545, 32667,
        32732, 32764, 32780, 32786, 32789, 32790, 32791, 32791, 32791, 32791, 32791, 32791, 32791,
        32791, 32791, 32791, 32791, 32791, 32791, 32791, 32791, 32791, 32791, 32791, 32791, 32791,
        32791, 32791, 32791, 32791, 32791, 32791, 32791, 32791, 32791,
    ],
    [
        32, 54, 90, 148, 239, 381, 597, 921, 1393, 2069, 3010, 4284, 5955, 8074, 10662, 13700,
        17114, 20783, 24544, 28213, 31614, 34605, 37099, 39067, 40536, 41571, 42261, 42694, 42951,
        43095, 43170, 43208, 43225, 43233, 43236, 43237, 43238, 43238, 43238, 43238, 43238, 43238,
        43238, 43238, 43238, 43238, 43238, 43238, 43238, 43238, 43238, 43238, 43238, 43238, 43238,
        43238, 43238, 43238, 43238, 43238, 43238, 43238, 43238, 43238,
    ],
    [
        32, 54, 90, 148, 239, 382, 600, 926, 1406, 2099, 3073, 4411, 6197, 8509, 11402, 14893,
        18939, 23435, 28213, 33055, 37730, 42018, 45751, 48833, 51241, 53020, 54263, 55083, 55593,
        55893, 56059, 56146, 56188, 56208, 56217, 56220, 56221, 56222, 56222, 56222, 56222, 56222,
        56222, 56222, 56222, 56222, 56222, 56222, 56222, 56222, 56222, 56222, 56222, 56222, 56222,
